3502.52	1063
3501.25	1021
3499.98	1068
3498.71	1044
3497.44	1060
3496.17	1067
3494.9	1058
3493.62	1048
3492.35	1038
3491.08	1034
3489.8	1021
3488.53	1049
3487.26	1042
3485.98	1049
3484.71	1037
3483.43	1046
3482.16	1040
3480.88	1053
3479.6	1040
3478.33	1034
3477.05	1029
3475.77	1036
3474.5	1036
3473.22	1034
3471.94	1011
3470.66	1020
3469.38	1026
3468.1	1048
3466.82	1029
3465.54	1023
3464.26	1018
3462.98	1047
3461.7	1030
3460.42	1032
3459.14	1019
3457.86	1015
3456.57	1015
3455.29	1011
3454.01	1030
3452.73	1019
3451.44	1025
3450.16	1017
3448.87	1019
3447.59	1011
3446.3	989
3445.02	1020
3443.73	1000
3442.45	991
3441.16	1019
3439.88	1004
3438.59	1030
3437.3	1014
3436.01	1049
3434.73	1057
3433.44	1030
3432.15	1001
3430.86	1023
3429.57	1046
3428.28	992
3426.99	1007
3425.7	1022
3424.41	987
3423.12	1017
3421.83	1012
3420.54	1011
3419.24	1009
3417.95	1011
3416.66	984
3415.37	1028
3414.07	997
3412.78	1016
3411.48	1031
3410.19	1018
3408.9	1034
3407.6	1026
3406.31	1028
3405.01	1003
3403.72	999
3402.42	1005
3401.12	1015
3399.82	1002
3398.53	987
3397.23	999
3395.93	1016
3394.63	1017
3393.33	989
3392.04	1019
3390.74	979
3389.44	984
3388.14	1020
3386.84	1018
3385.53	1029
3384.23	1011
3382.93	1004
3381.63	1012
3380.33	1025
3379.03	1030
3377.72	993
3376.42	1010
3375.12	1006
3373.81	998
3372.51	987
3371.2	1022
3369.9	1013
3368.59	1019
3367.29	993
3365.98	985
3364.68	985
3363.37	1032
3362.06	1033
3360.76	1038
3359.45	992
3358.14	1006
3356.83	1006
3355.52	1008
3354.22	993
3352.91	1002
3351.6	1009
3350.29	981
3348.98	1026
3347.67	1012
3346.36	1031
3345.04	1000
3343.73	994
3342.42	999
3341.11	1020
3339.8	1003
3338.48	1000
3337.17	1023
3335.86	1013
3334.54	1026
3333.23	1015
3331.91	1000
3330.6	1011
3329.28	1024
3327.97	1007
3326.65	983
3325.34	980
3324.02	971
3322.7	1006
3321.38	1023
3320.07	991
3318.75	994
3317.43	1021
3316.11	1017
3314.79	1005
3313.47	999
3312.15	1011
3310.83	1014
3309.51	1008
3308.19	1024
3306.87	1005
3305.55	985
3304.23	1007
3302.9	1002
3301.58	1018
3300.26	1000
3298.94	984
3297.61	1023
3296.29	1007
3294.96	975
3293.64	1006
3292.31	1020
3290.99	1007
3289.66	995
3288.34	1005
3287.01	1001
3285.68	992
3284.36	997
3283.03	993
3281.7	1008
3280.37	1000
3279.05	992
3277.72	1012
3276.39	998
3275.06	996
3273.73	1028
3272.4	1012
3271.07	1012
3269.74	1013
3268.41	994
3267.08	996
3265.74	988
3264.41	986
3263.08	976
3261.75	987
3260.41	1014
3259.08	1026
3257.75	1009
3256.41	1024
3255.08	987
3253.74	991
3252.41	1011
3251.07	1018
3249.74	1006
3248.4	995
3247.06	993
3245.73	1015
3244.39	1011
3243.05	1021
3241.71	1015
3240.37	1010
3239.04	1009
3237.7	995
3236.36	1030
3235.02	1011
3233.68	1007
3232.34	1024
3231	1007
3229.66	1009
3228.31	993
3226.97	1013
3225.63	994
3224.29	1005
3222.94	1032
3221.6	1030
3220.26	1022
3218.91	1023
3217.57	1020
3216.23	1010
3214.88	995
3213.53	1027
3212.19	1019
3210.84	1026
3209.5	987
3208.15	1015
3206.8	999
3205.46	1013
3204.11	1019
3202.76	1013
3201.41	1007
3200.06	1029
3198.71	1022
3197.36	1021
3196.01	1004
3194.66	999
3193.31	1014
3191.96	1011
3190.61	996
3189.26	1032
3187.91	1005
3186.56	1003
3185.2	1023
3183.85	1004
3182.5	1030
3181.14	1010
3179.79	1015
3178.44	1015
3177.08	1030
3175.73	1025
3174.37	983
3173.01	1033
3171.66	997
3170.3	1013
3168.95	1000
3167.59	1037
3166.23	1010
3164.87	1026
3163.51	1024
3162.16	1016
3160.8	1028
3159.44	1041
3158.08	1017
3156.72	988
3155.36	1004
3154	1046
3152.64	1046
3151.28	1030
3149.91	1028
3148.55	1034
3147.19	1031
3145.83	1037
3144.46	1035
3143.1	1008
3141.74	1019
3140.37	1021
3139.01	1030
3137.64	1031
3136.28	1016
3134.91	1013
3133.55	1054
3132.18	1041
3130.81	1041
3129.45	1050
3128.08	1050
3126.71	1047
3125.34	1038
3123.98	1052
3122.61	1065
3121.24	1069
3119.87	1061
3118.5	1047
3117.13	1062
3115.76	1070
3114.39	1070
3113.02	1072
3111.64	1065
3110.27	1061
3108.9	1101
3107.53	1079
3106.15	1086
3104.78	1072
3103.41	1126
3102.03	1114
3100.66	1119
3099.29	1143
3097.91	1140
3096.53	1157
3095.16	1155
3093.78	1177
3092.41	1221
3091.03	1168
3089.65	1230
3088.27	1261
3086.9	1252
3085.52	1268
3084.14	1270
3082.76	1313
3081.38	1408
3080	1404
3078.62	1422
3077.24	1461
3075.86	1540
3074.48	1558
3073.1	1610
3071.72	1663
3070.33	1648
3068.95	1698
3067.57	1769
3066.19	1737
3064.8	1803
3063.42	1766
3062.03	1811
3060.65	1832
3059.26	1792
3057.88	1803
3056.49	1779
3055.11	1733
3053.72	1724
3052.33	1690
3050.95	1643
3049.56	1665
3048.17	1588
3046.78	1562
3045.4	1563
3044.01	1483
3042.62	1464
3041.23	1440
3039.84	1457
3038.45	1395
3037.06	1421
3035.67	1414
3034.28	1394
3032.88	1380
3031.49	1333
3030.1	1336
3028.71	1293
3027.31	1319
3025.92	1308
3024.52	1278
3023.13	1236
3021.74	1254
3020.34	1221
3018.95	1206
3017.55	1241
3016.16	1226
3014.76	1209
3013.36	1216
3011.96	1241
3010.57	1212
3009.17	1229
3007.77	1240
3006.37	1210
3004.97	1248
3003.57	1238
3002.17	1170
3000.77	1200
2999.37	1197
2997.97	1206
2996.57	1217
2995.17	1203
2993.77	1224
2992.37	1216
2990.97	1213
2989.56	1228
2988.16	1285
2986.76	1244
2985.35	1260
2983.95	1268
2982.54	1242
2981.14	1236
2979.73	1218
2978.33	1222
2976.92	1222
2975.51	1193
2974.11	1182
2972.7	1205
2971.29	1191
2969.89	1203
2968.48	1192
2967.07	1203
2965.66	1230
2964.25	1193
2962.84	1269
2961.43	1222
2960.02	1257
2958.61	1243
2957.2	1258
2955.79	1282
2954.38	1275
2952.96	1294
2951.55	1273
2950.14	1331
2948.73	1337
2947.31	1359
2945.9	1357
2944.48	1372
2943.07	1431
2941.65	1420
2940.24	1433
2938.82	1502
2937.41	1546
2935.99	1579
2934.57	1626
2933.16	1650
2931.74	1673
2930.32	1727
2928.9	1747
2927.48	1765
2926.06	1759
2924.64	1800
2923.22	1791
2921.8	1735
2920.38	1724
2918.96	1675
2917.54	1668
2916.12	1609
2914.7	1565
2913.28	1510
2911.85	1499
2910.43	1466
2909.01	1398
2907.58	1430
2906.16	1373
2904.74	1353
2903.31	1347
2901.88	1311
2900.46	1265
2899.03	1278
2897.61	1294
2896.18	1255
2894.75	1299
2893.33	1244
2891.9	1253
2890.47	1283
2889.04	1295
2887.61	1283
2886.18	1340
2884.75	1282
2883.32	1329
2881.89	1317
2880.46	1297
2879.03	1304
2877.6	1291
2876.17	1290
2874.74	1344
2873.3	1320
2871.87	1322
2870.44	1305
2869.01	1303
2867.57	1290
2866.14	1282
2864.7	1249
2863.27	1266
2861.83	1209
2860.4	1221
2858.96	1235
2857.52	1200
2856.09	1161
2854.65	1152
2853.21	1138
2851.77	1109
2850.34	1134
2848.9	1128
2847.46	1114
2846.02	1073
2844.58	1088
2843.14	1083
2841.7	1080
2840.26	1083
2838.82	1070
2837.37	1076
2835.93	1059
2834.49	1072
2833.05	1045
2831.6	1083
2830.16	1060
2828.72	1031
2827.27	1070
2825.83	1042
2824.38	1027
2822.94	1016
2821.49	1061
2820.05	1043
2818.6	1041
2817.15	1045
2815.71	1044
2814.26	1060
2812.81	1031
2811.36	1046
2809.91	1010
2808.47	1040
2807.02	1014
2805.57	1035
2804.12	1015
2802.67	1037
2801.22	1062
2799.76	1019
2798.31	1007
2796.86	1029
2795.41	1026
2793.96	997
2792.5	1015
2791.05	1025
2789.6	1048
2788.14	1051
2786.69	1062
2785.23	1023
2783.78	1024
2782.32	1058
2780.86	1029
2779.41	1041
2777.95	1033
2776.5	1016
2775.04	1027
2773.58	1010
2772.12	1032
2770.66	1060
2769.2	1006
2767.74	1039
2766.29	1029
2764.83	1060
2763.36	1038
2761.9	1037
2760.44	1025
2758.98	1036
2757.52	1062
2756.06	1051
2754.59	1036
2753.13	1052
2751.67	1060
2750.2	1091
2748.74	1097
2747.28	1098
2745.81	1092
2744.35	1102
2742.88	1097
2741.41	1120
2739.95	1103
2738.48	1116
2737.01	1115
2735.55	1088
2734.08	1078
2732.61	1045
2731.14	1054
2729.67	1035
2728.2	1026
2726.73	1037
2725.26	1028
2723.79	1049
2722.32	1011
2720.85	1029
2719.38	1016
2717.91	1016
2716.44	1022
2714.96	1025
2713.49	1020
2712.02	1028
2710.54	1040
2709.07	1027
2707.59	1038
2706.12	1018
2704.64	1020
2703.17	1016
2701.69	1013
2700.22	1029
2698.74	1001
2697.26	1018
2695.78	1000
2694.31	980
2692.83	1020
2691.35	1000
2689.87	1029
2688.39	1014
2686.91	1030
2685.43	1020
2683.95	1000
2682.47	1006
2680.99	1031
2679.51	989
2678.03	1014
2676.54	1024
2675.06	1009
2673.58	1021
2672.09	992
2670.61	1037
2669.13	1020
2667.64	1034
2666.16	1014
2664.67	1016
2663.18	1002
2661.7	998
2660.21	1033
2658.72	1023
2657.24	986
2655.75	1005
2654.26	1041
2652.77	1026
2651.28	997
2649.8	1011
2648.31	988
2646.82	1018
2645.33	1011
2643.84	1016
2642.34	1023
2640.85	1012
2639.36	1023
2637.87	1011
2636.38	1022
2634.88	1013
2633.39	1036
2631.9	1019
2630.4	1011
2628.91	1023
2627.41	1038
2625.92	1022
2624.42	1015
2622.93	1011
2621.43	1029
2619.93	1047
2618.44	1027
2616.94	1045
2615.44	1061
2613.94	1080
2612.44	1047
2610.95	1055
2609.45	1046
2607.95	1032
2606.45	1028
2604.95	1035
2603.44	1025
2601.94	1053
2600.44	1020
2598.94	1046
2597.44	1037
2595.93	1052
2594.43	1074
2592.93	1058
2591.42	1059
2589.92	1050
2588.42	1080
2586.91	1035
2585.4	1071
2583.9	1023
2582.39	1037
2580.89	1060
2579.38	1053
2577.87	1045
2576.36	1029
2574.86	1036
2573.35	1048
2571.84	1050
2570.33	1030
2568.82	1034
2567.31	1016
2565.8	1024
2564.29	1035
2562.78	1011
2561.27	1023
2559.75	1040
2558.24	1024
2556.73	1067
2555.22	1041
2553.7	1071
2552.19	1022
2550.68	1056
2549.16	1037
2547.65	1064
2546.13	1045
2544.61	1031
2543.1	1042
2541.58	1022
2540.07	1026
2538.55	1004
2537.03	1013
2535.51	1037
2533.99	1013
2532.48	1017
2530.96	1010
2529.44	1020
2527.92	1016
2526.4	1036
2524.88	1016
2523.36	999
2521.83	1030
2520.31	1000
2518.79	1030
2517.27	1030
2515.74	1025
2514.22	1005
2512.7	1006
2511.17	1013
2509.65	989
2508.12	1016
2506.6	1002
2505.07	1025
2503.55	996
2502.02	992
2500.49	1030
2498.97	1015
2497.44	1008
2495.91	1010
2494.38	1018
2492.85	1013
2491.32	1015
2489.8	1000
2488.27	1037
2486.74	1031
2485.2	1006
2483.67	1003
2482.14	1006
2480.61	992
2479.08	1027
2477.55	1015
2476.01	1019
2474.48	1025
2472.95	1028
2471.41	1011
2469.88	1027
2468.34	1021
2466.81	1004
2465.27	1036
2463.74	1007
2462.2	1003
2460.66	1014
2459.12	1030
2457.59	978
2456.05	1001
2454.51	1011
2452.97	1019
2451.43	1017
2449.89	1009
2448.35	1034
2446.81	1041
2445.27	1031
2443.73	1046
2442.19	1044
2440.65	1021
2439.11	1016
2437.56	1023
2436.02	1041
2434.48	1038
2432.93	1020
2431.39	1036
2429.84	1017
2428.3	1016
2426.75	1053
2425.21	1018
2423.66	1022
2422.12	1012
2420.57	1030
2419.02	1042
2417.47	1043
2415.93	1005
2414.38	1006
2412.83	1027
2411.28	1021
2409.73	1019
2408.18	1014
2406.63	1021
2405.08	1021
2403.53	1024
2401.98	1023
2400.42	1021
2398.87	1016
2397.32	1018
2395.77	1016
2394.21	1035
2392.66	998
2391.1	1004
2389.55	1005
2387.99	1010
2386.44	999
2384.88	999
2383.33	1016
2381.77	992
2380.21	1007
2378.66	987
2377.1	1011
2375.54	1006
2373.98	1014
2372.42	1019
2370.86	1009
2369.3	1013
2367.74	1001
2366.18	1011
2364.62	1027
2363.06	1006
2361.5	1022
2359.94	1020
2358.37	1007
2356.81	991
2355.25	1017
2353.68	1019
2352.12	1020
2350.56	1025
2348.99	1005
2347.43	1012
2345.86	995
2344.29	988
2342.73	992
2341.16	994
2339.59	986
2338.03	991
2336.46	1004
2334.89	1012
2333.32	997
2331.75	1033
2330.18	1021
2328.61	1032
2327.04	1022
2325.47	1032
2323.9	1046
2322.33	1026
2320.76	1014
2319.18	999
2317.61	1024
2316.04	1007
2314.47	1009
2312.89	1003
2311.32	1017
2309.74	998
2308.17	1003
2306.59	974
2305.02	1017
2303.44	996
2301.86	1013
2300.29	1029
2298.71	1013
2297.13	998
2295.55	1002
2293.97	1010
2292.4	1008
2290.82	1042
2289.24	1013
2287.66	1015
2286.08	973
2284.49	1022
2282.91	1029
2281.33	1010
2279.75	1001
2278.17	1016
2276.58	1033
2275	1004
2273.42	1015
2271.83	988
2270.25	1024
2268.66	996
2267.08	1012
2265.49	1031
2263.91	1006
2262.32	996
2260.73	1004
2259.14	1028
2257.56	1045
2255.97	1023
2254.38	1012
2252.79	996
2251.2	1024
2249.61	996
2248.02	1029
2246.43	1020
2244.84	1000
2243.25	1006
2241.66	1012
2240.07	998
2238.47	1032
2236.88	1006
2235.29	1007
2233.69	1036
2232.1	1019
2230.5	1008
2228.91	1005
2227.31	1019
2225.72	1008
2224.12	1013
2222.53	1014
2220.93	1032
2219.33	1023
2217.73	1010
2216.14	1024
2214.54	1003
2212.94	1006
2211.34	1011
2209.74	1007
2208.14	1000
2206.54	1007
2204.94	1005
2203.34	1021
2201.74	1005
2200.13	1014
2198.53	1007
2196.93	1006
2195.33	984
2193.72	1002
2192.12	1015
2190.51	995
2188.91	991
2187.3	1022
2185.7	1019
2184.09	1009
2182.48	1023
2180.88	983
2179.27	1007
2177.66	975
2176.05	1036
2174.45	1019
2172.84	1005
2171.23	983
2169.62	997
2168.01	1030
2166.4	1025
2164.79	996
2163.18	997
2161.56	1028
2159.95	1001
2158.34	1006
2156.73	1030
2155.11	1008
2153.5	990
2151.89	990
2150.27	999
2148.66	997
2147.04	1030
2145.43	1027
2143.81	1025
2142.19	1003
2140.58	988
2138.96	995
2137.34	1021
2135.72	1016
2134.1	1013
2132.48	996
2130.86	989
2129.25	1006
2127.63	988
2126	1002
2124.38	1014
2122.76	1024
2121.14	989
2119.52	998
2117.9	971
2116.27	991
2114.65	1000
2113.03	1040
2111.4	1023
2109.78	1003
2108.15	995
2106.53	990
2104.9	1004
2103.27	985
2101.65	997
2100.02	1015
2098.39	1005
2096.77	1006
2095.14	990
2093.51	1016
2091.88	1007
2090.25	1004
2088.62	1027
2086.99	1023
2085.36	996
2083.73	995
2082.1	1000
2080.46	1005
2078.83	1021
2077.2	1000
2075.57	1007
2073.93	1008
2072.3	992
2070.66	966
2069.03	1016
2067.4	1013
2065.76	1004
2064.12	988
2062.49	999
2060.85	1000
2059.21	998
2057.58	998
2055.94	1030
2054.3	1017
2052.66	1000
2051.02	1003
2049.38	1019
2047.74	1003
2046.1	988
2044.46	1010
2042.82	1017
2041.18	1007
2039.53	1005
2037.89	994
2036.25	999
2034.61	1010
2032.96	1003
2031.32	1010
2029.67	1001
2028.03	1007
2026.38	1013
2024.74	1007
2023.09	989
2021.44	1014
2019.8	1017
2018.15	1016
2016.5	997
2014.85	1006
2013.21	993
2011.56	1012
2009.91	1000
2008.26	1014
2006.61	1001
2004.96	1016
2003.3	1012
2001.65	968
2000	991
1998.35	1020
1996.7	1014
1995.04	1014
1993.39	1008
1991.74	1011
1990.08	1036
1988.43	1021
1986.77	1009
1985.12	1020
1983.46	997
1981.8	1026
1980.15	1004
1978.49	992
1976.83	1002
1975.17	1010
1973.51	1013
1971.86	1004
1970.2	1002
1968.54	1015
1966.88	1025
1965.22	1026
1963.55	992
1961.89	1023
1960.23	1005
1958.57	1034
1956.91	1043
1955.24	1002
1953.58	1017
1951.92	1010
1950.25	1017
1948.59	1015
1946.92	1015
1945.26	1020
1943.59	1007
1941.92	1026
1940.26	1039
1938.59	1041
1936.92	1026
1935.25	1009
1933.59	1023
1931.92	1009
1930.25	1014
1928.58	1011
1926.91	1032
1925.24	1033
1923.57	1008
1921.9	1001
1920.22	991
1918.55	1016
1916.88	1012
1915.21	1030
1913.53	1036
1911.86	1017
1910.18	982
1908.51	998
1906.83	1003
1905.16	1034
1903.48	1000
1901.81	1009
1900.13	1011
1898.45	1017
1896.78	1017
1895.1	1020
1893.42	1004
1891.74	1007
1890.06	1026
1888.38	996
1886.7	1016
1885.02	1006
1883.34	1025
1881.66	1011
1879.98	998
1878.3	1002
1876.61	1019
1874.93	994
1873.25	1027
1871.56	1017
1869.88	1005
1868.19	1011
1866.51	1009
1864.82	1013
1863.14	1014
1861.45	1018
1859.76	1031
1858.08	1008
1856.39	1006
1854.7	969
1853.01	985
1851.32	1019
1849.63	1008
1847.95	1003
1846.25	1002
1844.56	1028
1842.87	1007
1841.18	1024
1839.49	999
1837.8	1015
1836.11	1006
1834.41	989
1832.72	1012
1831.03	1015
1829.33	1011
1827.64	1011
1825.94	1030
1824.25	1016
1822.55	1017
1820.85	1013
1819.16	1007
1817.46	1025
1815.76	1034
1814.06	1022
1812.36	1034
1810.67	1029
1808.97	1010
1807.27	991
1805.57	1007
1803.87	1013
1802.17	1048
1800.46	1019
1798.76	1061
1797.06	1045
1795.36	1016
1793.65	1014
1791.95	997
1790.25	1020
1788.54	998
1786.84	1012
1785.13	1013
1783.43	1032
1781.72	1020
1780.01	1031
1778.31	1032
1776.6	1034
1774.89	1024
1773.18	1028
1771.47	1011
1769.77	1022
1768.06	1013
1766.35	1024
1764.64	1012
1762.92	1027
1761.21	999
1759.5	998
1757.79	996
1756.08	1000
1754.36	1015
1752.65	1023
1750.94	1007
1749.22	1006
1747.51	1042
1745.79	1053
1744.08	1019
1742.36	1005
1740.65	1047
1738.93	1033
1737.21	1016
1735.49	1019
1733.78	990
1732.06	1017
1730.34	1018
1728.62	1000
1726.9	1017
1725.18	1017
1723.46	1024
1721.74	1009
1720.02	1036
1718.3	1000
1716.57	1002
1714.85	1012
1713.13	1024
1711.41	990
1709.68	1038
1707.96	1041
1706.23	1054
1704.51	1032
1702.78	1033
1701.05	1053
1699.33	1054
1697.6	1023
1695.87	1036
1694.15	1030
1692.42	1042
1690.69	1049
1688.96	1059
1687.23	1036
1685.5	1027
1683.77	1043
1682.04	1050
1680.31	1043
1678.58	1064
1676.85	1043
1675.11	1035
1673.38	1047
1671.65	1041
1669.91	1034
1668.18	1043
1666.44	1061
1664.71	1067
1662.97	1060
1661.24	1073
1659.5	1073
1657.76	1106
1656.03	1083
1654.29	1102
1652.55	1110
1650.81	1110
1649.07	1105
1647.33	1161
1645.59	1163
1643.85	1157
1642.11	1199
1640.37	1244
1638.63	1266
1636.89	1299
1635.15	1352
1633.4	1373
1631.66	1402
1629.92	1475
1628.17	1487
1626.43	1566
1624.68	1612
1622.94	1811
1621.19	1985
1619.45	2125
1617.7	2325
1615.95	2460
1614.21	2547
1612.46	2438
1610.71	2348
1608.96	2152
1607.21	2002
1605.46	1855
1603.71	1857
1601.96	1844
1600.21	1892
1598.46	1947
1596.71	2027
1594.95	2072
1593.2	1978
1591.45	1848
1589.7	1757
1587.94	1639
1586.19	1544
1584.43	1419
1582.68	1356
1580.92	1326
1579.16	1297
1577.41	1258
1575.65	1245
1573.89	1216
1572.13	1203
1570.38	1192
1568.62	1167
1566.86	1176
1565.1	1130
1563.34	1137
1561.58	1152
1559.82	1141
1558.06	1148
1556.29	1155
1554.53	1126
1552.77	1120
1551.01	1130
1549.24	1122
1547.48	1123
1545.71	1113
1543.95	1108
1542.18	1093
1540.42	1101
1538.65	1085
1536.89	1144
1535.12	1130
1533.35	1126
1531.58	1106
1529.82	1128
1528.05	1120
1526.28	1133
1524.51	1145
1522.74	1151
1520.97	1144
1519.2	1134
1517.42	1148
1515.65	1164
1513.88	1183
1512.11	1194
1510.33	1167
1508.56	1228
1506.79	1236
1505.01	1233
1503.24	1241
1501.46	1219
1499.69	1198
1497.91	1194
1496.13	1208
1494.36	1196
1492.58	1165
1490.8	1201
1489.02	1201
1487.24	1236
1485.46	1242
1483.68	1228
1481.9	1206
1480.12	1248
1478.34	1240
1476.56	1243
1474.78	1270
1473	1269
1471.21	1292
1469.43	1308
1467.65	1305
1465.86	1317
1464.08	1314
1462.29	1316
1460.51	1336
1458.72	1332
1456.93	1376
1455.15	1337
1453.36	1380
1451.57	1394
1449.79	1406
1448	1422
1446.21	1396
1444.42	1338
1442.63	1345
1440.84	1333
1439.05	1287
1437.26	1306
1435.46	1289
1433.67	1246
1431.88	1236
1430.09	1181
1428.29	1223
1426.5	1238
1424.71	1237
1422.91	1190
1421.12	1186
1419.32	1181
1417.52	1183
1415.73	1186
1413.93	1187
1412.13	1213
1410.34	1220
1408.54	1229
1406.74	1265
1404.94	1287
1403.14	1332
1401.34	1374
1399.54	1486
1397.74	1568
1395.94	1679
1394.14	1878
1392.33	1977
1390.53	2107
1388.73	2110
1386.92	2013
1385.12	1819
1383.32	1626
1381.51	1471
1379.7	1379
1377.9	1314
1376.09	1255
1374.29	1229
1372.48	1213
1370.67	1193
1368.86	1161
1367.05	1151
1365.25	1136
1363.44	1130
1361.63	1128
1359.82	1134
1358.01	1131
1356.19	1126
1354.38	1107
1352.57	1118
1350.76	1131
1348.95	1151
1347.13	1159
1345.32	1171
1343.5	1187
1341.69	1165
1339.87	1207
1338.06	1147
1336.24	1163
1334.43	1109
1332.61	1148
1330.79	1169
1328.97	1155
1327.16	1165
1325.34	1126
1323.52	1152
1321.7	1116
1319.88	1165
1318.06	1102
1316.24	1093
1314.41	1106
1312.59	1082
1310.77	1082
1308.95	1063
1307.12	1082
1305.3	1075
1303.48	1099
1301.65	1073
1299.83	1083
1298	1103
1296.18	1081
1294.35	1085
1292.52	1076
1290.69	1089
1288.87	1077
1287.04	1070
1285.21	1084
1283.38	1080
1281.55	1046
1279.72	1064
1277.89	1061
1276.06	1078
1274.23	1076
1272.4	1063
1270.57	1056
1268.73	1074
1266.9	1091
1265.07	1106
1263.23	1087
1261.4	1112
1259.56	1115
1257.73	1135
1255.89	1115
1254.06	1125
1252.22	1100
1250.38	1123
1248.54	1135
1246.71	1129
1244.87	1118
1243.03	1150
1241.19	1139
1239.35	1199
1237.51	1238
1235.67	1295
1233.83	1403
1231.98	1585
1230.14	1861
1228.3	2321
1226.46	2895
1224.61	3601
1222.77	4126
1220.92	4384
1219.08	3926
1217.23	3223
1215.39	2544
1213.54	2049
1211.7	1760
1209.85	1643
1208	1505
1206.15	1478
1204.3	1498
1202.45	1506
1200.61	1529
1198.76	1566
1196.91	1679
1195.05	1771
1193.2	1863
1191.35	1932
1189.5	1905
1187.65	1801
1185.79	1749
1183.94	1611
1182.09	1600
1180.23	1568
1178.38	1560
1176.52	1630
1174.67	1683
1172.81	1812
1170.95	1876
1169.1	1996
1167.24	1939
1165.38	1909
1163.52	1786
1161.66	1672
1159.8	1508
1157.94	1431
1156.08	1366
1154.22	1257
1152.36	1250
1150.5	1192
1148.64	1201
1146.77	1157
1144.91	1142
1143.05	1153
1141.18	1154
1139.32	1138
1137.45	1096
1135.59	1085
1133.72	1068
1131.86	1103
1129.99	1109
1128.12	1108
1126.25	1092
1124.39	1082
1122.52	1081
1120.65	1092
1118.78	1074
1116.91	1098
1115.04	1093
1113.17	1082
1111.3	1082
1109.42	1109
1107.55	1127
1105.68	1096
1103.81	1121
1101.93	1167
1100.06	1140
1098.18	1151
1096.31	1182
1094.43	1164
1092.56	1193
1090.68	1200
1088.8	1151
1086.93	1119
1085.05	1140
1083.17	1128
1081.29	1110
1079.41	1091
1077.53	1127
1075.65	1140
1073.77	1142
1071.89	1163
1070.01	1167
1068.13	1183
1066.24	1214
1064.36	1221
1062.48	1227
1060.59	1239
1058.71	1299
1056.83	1369
1054.94	1478
1053.05	1647
1051.17	2049
1049.28	2677
1047.39	3612
1045.51	4849
1043.62	5811
1041.73	5812
1039.84	4938
1037.95	3500
1036.06	2600
1034.17	2125
1032.28	1906
1030.39	1927
1028.5	2220
1026.61	2806
1024.71	3838
1022.82	5805
1020.93	9007
1019.03	13434
1017.14	17405
1015.24	18557
1013.35	15154
1011.45	10131
1009.56	5879
1007.66	3676
1005.76	2852
1003.86	2403
1001.97	2117
1000.07	1923
998.167	1692
996.268	1548
994.368	1499
992.466	1440
990.565	1385
988.664	1388
986.762	1370
984.86	1363
982.957	1302
981.053	1314
979.15	1298
977.245	1251
975.34	1231
973.435	1221
971.53	1187
969.624	1177
967.717	1117
965.809	1113
963.902	1112
961.994	1119
960.086	1106
958.177	1096
956.267	1092
954.357	1082
952.447	1091
950.536	1075
948.625	1110
946.713	1084
944.8	1101
942.888	1093
940.974	1105
939.061	1115
937.147	1074
935.233	1090
933.317	1082
931.402	1056
929.485	1071
927.569	1053
925.652	1091
923.735	1113
921.817	1110
919.899	1093
917.98	1104
916.061	1119
914.141	1132
912.22	1163
910.3	1168
908.378	1188
906.456	1175
904.534	1140
902.612	1117
900.689	1112
898.766	1102
896.841	1113
894.916	1120
892.991	1116
891.066	1110
889.14	1117
887.214	1106
885.287	1080
883.36	1100
881.432	1105
879.504	1076
877.575	1093
875.646	1090
873.716	1094
871.786	1098
869.855	1096
867.924	1124
865.992	1151
864.06	1167
862.128	1179
860.194	1222
858.261	1216
856.327	1233
854.393	1271
852.458	1239
850.522	1245
848.586	1176
846.65	1210
844.714	1173
842.776	1193
840.838	1198
838.901	1204
836.961	1219
835.023	1250
833.082	1316
831.142	1449
829.202	1544
827.261	1629
825.319	1729
823.377	1726
821.434	1716
819.491	1660
817.548	1642
815.604	1704
813.66	1809
811.715	2066
809.769	2592
807.823	3651
805.878	5540
803.93	8854
801.983	12679
800.035	14702
798.087	12431
796.139	8262
794.189	4957
792.24	3079
790.289	2159
788.339	1737
786.387	1493
784.436	1378
782.484	1295
780.532	1261
778.578	1218
776.624	1218
774.671	1223
772.716	1187
770.762	1178
768.806	1139
766.85	1143
764.893	1121
762.937	1137
760.979	1133
759.022	1131
757.064	1133
755.105	1154
753.145	1174
751.185	1252
749.226	1291
747.264	1294
745.303	1295
743.341	1281
741.38	1286
739.417	1233
737.454	1195
735.49	1155
733.526	1134
731.562	1117
729.596	1090
727.631	1115
725.665	1111
723.699	1087
721.732	1084
719.764	1109
717.797	1109
715.828	1097
713.859	1115
711.889	1104
709.919	1098
707.949	1094
705.978	1098
704.007	1087
702.035	1084
700.063	1077
698.091	1087
696.117	1101
694.143	1085
692.169	1062
690.194	1056
688.219	1061
686.244	1074
684.267	1078
682.291	1065
680.314	1050
678.336	1092
676.358	1081
674.379	1085
672.4	1090
670.421	1081
668.441	1118
666.46	1136
664.479	1138
662.497	1117
660.516	1162
658.533	1161
656.55	1212
654.567	1283
652.583	1334
650.598	1415
648.614	1550
646.628	1734
644.643	1975
642.656	2315
640.669	2725
638.682	2939
636.694	2975
634.706	2717
632.717	2367
630.728	2024
628.738	1737
626.748	1575
624.757	1440
622.766	1357
620.774	1264
618.782	1236
616.789	1229
614.796	1220
612.802	1210
610.808	1174
608.814	1148
606.818	1152
604.822	1146
602.827	1111
600.83	1131
598.833	1066
596.836	1124
594.838	1151
592.839	1099
590.84	1111
588.841	1083
586.84	1120
584.84	1103
582.838	1119
580.838	1111
578.835	1131
576.833	1140
574.83	1135
572.827	1139
570.822	1151
568.818	1157
566.813	1172
564.808	1187
562.802	1189
560.795	1207
558.788	1284
556.781	1292
554.773	1331
552.765	1424
550.756	1503
548.747	1722
546.737	2000
544.726	2563
542.716	3496
540.704	5031
538.692	6903
536.68	7256
534.667	5451
532.654	3468
530.64	2527
528.626	1971
526.611	1664
524.596	1529
522.58	1456
520.564	1399
518.547	1351
516.529	1332
514.512	1332
512.494	1322
510.476	1311
508.456	1287
506.436	1308
504.416	1258
502.395	1271
500.374	1283
498.353	1289
496.33	1252
494.307	1295
492.284	1323
490.261	1323
488.237	1388
486.212	1464
484.187	1511
482.161	1551
480.134	1529
478.108	1452
476.081	1380
474.054	1317
472.025	1279
469.997	1260
467.968	1270
465.938	1256
463.908	1268
461.877	1273
459.846	1254
457.814	1247
455.782	1276
453.75	1276
451.716	1256
449.683	1271
447.649	1249
445.614	1252
443.579	1264
441.543	1284
439.508	1243
437.47	1268
435.433	1294
433.396	1288
431.358	1276
429.319	1319
427.28	1300
425.241	1339
423.201	1332
421.16	1320
419.118	1267
417.077	1284
415.035	1297
412.993	1268
410.949	1262
408.905	1257
406.862	1256
404.816	1252
402.771	1234
400.727	1255
398.68	1200
396.633	1230
394.586	1236
392.539	1263
390.491	1269
388.442	1264
386.393	1279
384.344	1290
382.293	1279
380.242	1308
378.192	1376
376.14	1391
374.088	1427
372.035	1499
369.982	1610
367.928	1736
365.874	1841
363.82	1887
361.765	1843
359.709	1697
357.653	1600
355.596	1524
353.539	1427
351.481	1351
349.423	1356
347.364	1352
345.305	1316
343.245	1331
341.185	1311
339.125	1312
337.063	1284
335.001	1288
332.94	1293
330.876	1291
328.813	1300
326.749	1288
324.685	1322
322.621	1328
320.555	1309
318.489	1326
316.423	1316
314.356	1351
312.29	1328
310.221	1292
308.153	1305
306.084	1368
304.015	1355
301.946	1340
299.875	1376
297.804	1352
295.733	1396
293.661	1347
291.588	1432
289.516	1428
287.443	1414
285.369	1468
283.295	1447
281.22	1538
279.144	1514
277.068	1543
274.992	1590
272.915	1639
270.837	1695
268.76	1765
266.681	1849
264.602	1899
262.523	1961
260.443	2151
258.362	2252
256.282	2474
254.2	2631
252.118	2916
250.036	3295
247.952	3772
245.869	4427
243.784	4875
241.7	5494
239.616	6027
237.53	6384
235.443	6347
233.357	6033
231.27	5543
229.182	4895
227.094	4350
225.005	3711
222.916	3476
220.827	3053
218.737	2919
216.646	2767
214.555	2673
212.462	2592
210.37	2512
208.278	2475
206.185	2491
204.091	2466
201.997	2548
199.902	2572
197.807	2639
195.711	2689
193.615	2767
191.517	2928
189.42	2970
187.322	3093
185.224	3176
183.125	3299
181.025	3516
178.926	3663
176.825	3832
174.724	4128
172.623	4307
170.521	4628
168.418	5003
166.315	5176
164.212	5600
162.108	6009
160.003	6584
157.898	7129
155.793	7596
153.686	8420
151.58	8962
149.473	9826
147.365	10632
145.257	11560
143.148	12468
141.039	13589
138.929	14635
136.819	16126
134.709	17566
132.597	18852
130.485	20776
128.373	22843
126.26	24687
124.147	27111
122.033	29268
119.919	31812
117.804	34743
115.688	37045
113.573	39775
111.456	41358
109.339	42502
107.222	41771
105.103	38488
102.985	33405
100.866	26543
98.7467	19549
96.6262	13201
