3502.52	1033
3501.25	1096
3499.98	1026
3498.71	1054
3497.44	1033
3496.17	1048
3494.9	1048
3493.62	1039
3492.35	1043
3491.08	1048
3489.8	1068
3488.53	1034
3487.26	1017
3485.98	1059
3484.71	1026
3483.43	1058
3482.16	1033
3480.88	1038
3479.6	1015
3478.33	1035
3477.05	1033
3475.77	1008
3474.5	1051
3473.22	1031
3471.94	1035
3470.66	1032
3469.38	1034
3468.1	1053
3466.82	1013
3465.54	1017
3464.26	1024
3462.98	1031
3461.7	1028
3460.42	1046
3459.14	1018
3457.86	1020
3456.57	1007
3455.29	1004
3454.01	1029
3452.73	1031
3451.44	1030
3450.16	1017
3448.87	1020
3447.59	992
3446.3	1007
3445.02	1037
3443.73	1028
3442.45	1048
3441.16	1034
3439.88	1021
3438.59	1002
3437.3	1024
3436.01	1022
3434.73	1005
3433.44	1026
3432.15	1005
3430.86	1006
3429.57	1011
3428.28	1002
3426.99	1009
3425.7	998
3424.41	1015
3423.12	1013
3421.83	1019
3420.54	1004
3419.24	997
3417.95	1009
3416.66	1022
3415.37	1023
3414.07	1004
3412.78	1020
3411.48	1010
3410.19	1001
3408.9	1001
3407.6	988
3406.31	1000
3405.01	993
3403.72	1024
3402.42	996
3401.12	1034
3399.82	1004
3398.53	1016
3397.23	1010
3395.93	998
3394.63	1007
3393.33	1018
3392.04	1016
3390.74	1007
3389.44	1017
3388.14	1021
3386.84	1017
3385.53	1034
3384.23	1005
3382.93	998
3381.63	994
3380.33	994
3379.03	997
3377.72	982
3376.42	999
3375.12	999
3373.81	1019
3372.51	992
3371.2	999
3369.9	1023
3368.59	1023
3367.29	1005
3365.98	1012
3364.68	1019
3363.37	977
3362.06	999
3360.76	992
3359.45	1002
3358.14	1009
3356.83	1008
3355.52	1011
3354.22	1004
3352.91	987
3351.6	992
3350.29	1020
3348.98	1023
3347.67	1006
3346.36	985
3345.04	994
3343.73	1012
3342.42	1015
3341.11	999
3339.8	992
3338.48	1017
3337.17	1020
3335.86	991
3334.54	999
3333.23	1004
3331.91	992
3330.6	996
3329.28	997
3327.97	987
3326.65	1022
3325.34	1002
3324.02	1028
3322.7	1004
3321.38	1007
3320.07	995
3318.75	997
3317.43	994
3316.11	1022
3314.79	1021
3313.47	993
3312.15	986
3310.83	987
3309.51	1001
3308.19	984
3306.87	992
3305.55	1033
3304.23	1019
3302.9	992
3301.58	1004
3300.26	998
3298.94	1004
3297.61	1009
3296.29	1008
3294.96	1008
3293.64	997
3292.31	998
3290.99	1012
3289.66	1002
3288.34	1006
3287.01	998
3285.68	1019
3284.36	1028
3283.03	1019
3281.7	997
3280.37	999
3279.05	1009
3277.72	996
3276.39	1015
3275.06	1004
3273.73	1007
3272.4	1010
3271.07	1002
3269.74	979
3268.41	998
3267.08	1001
3265.74	995
3264.41	1023
3263.08	993
3261.75	975
3260.41	1008
3259.08	987
3257.75	1005
3256.41	990
3255.08	1001
3253.74	1026
3252.41	1009
3251.07	1008
3249.74	1013
3248.4	1006
3247.06	999
3245.73	1002
3244.39	984
3243.05	994
3241.71	989
3240.37	1011
3239.04	1023
3237.7	996
3236.36	1023
3235.02	1002
3233.68	1035
3232.34	1011
3231	1016
3229.66	1021
3228.31	1005
3226.97	1017
3225.63	1001
3224.29	1024
3222.94	1008
3221.6	1014
3220.26	996
3218.91	1020
3217.57	1016
3216.23	996
3214.88	1017
3213.53	966
3212.19	972
3210.84	1028
3209.5	1014
3208.15	1010
3206.8	983
3205.46	1022
3204.11	1016
3202.76	1023
3201.41	1005
3200.06	989
3198.71	1041
3197.36	1006
3196.01	1019
3194.66	994
3193.31	1014
3191.96	1024
3190.61	1035
3189.26	1011
3187.91	993
3186.56	1003
3185.2	998
3183.85	1009
3182.5	1031
3181.14	1018
3179.79	1011
3178.44	1025
3177.08	1020
3175.73	1003
3174.37	1013
3173.01	1015
3171.66	1008
3170.3	1014
3168.95	1009
3167.59	1020
3166.23	1001
3164.87	1016
3163.51	1015
3162.16	1028
3160.8	1022
3159.44	1006
3158.08	1014
3156.72	975
3155.36	1006
3154	995
3152.64	1023
3151.28	1019
3149.91	965
3148.55	1029
3147.19	1025
3145.83	1023
3144.46	987
3143.1	1004
3141.74	1008
3140.37	1020
3139.01	1033
3137.64	1047
3136.28	1028
3134.91	1042
3133.55	1000
3132.18	994
3130.81	1013
3129.45	1038
3128.08	1025
3126.71	1046
3125.34	1015
3123.98	1050
3122.61	1047
3121.24	1074
3119.87	1037
3118.5	1053
3117.13	1049
3115.76	1069
3114.39	1029
3113.02	1034
3111.64	1060
3110.27	1064
3108.9	1058
3107.53	1052
3106.15	1075
3104.78	1088
3103.41	1084
3102.03	1085
3100.66	1096
3099.29	1085
3097.91	1088
3096.53	1108
3095.16	1114
3093.78	1116
3092.41	1138
3091.03	1150
3089.65	1168
3088.27	1173
3086.9	1184
3085.52	1195
3084.14	1211
3082.76	1212
3081.38	1250
3080	1290
3078.62	1331
3077.24	1331
3075.86	1380
3074.48	1373
3073.1	1391
3071.72	1437
3070.33	1467
3068.95	1502
3067.57	1486
3066.19	1531
3064.8	1548
3063.42	1543
3062.03	1517
3060.65	1543
3059.26	1587
3057.88	1556
3056.49	1553
3055.11	1524
3053.72	1565
3052.33	1543
3050.95	1490
3049.56	1490
3048.17	1480
3046.78	1442
3045.4	1477
3044.01	1469
3042.62	1379
3041.23	1354
3039.84	1393
3038.45	1322
3037.06	1340
3035.67	1339
3034.28	1321
3032.88	1330
3031.49	1313
3030.1	1280
3028.71	1283
3027.31	1250
3025.92	1277
3024.52	1244
3023.13	1226
3021.74	1249
3020.34	1245
3018.95	1212
3017.55	1228
3016.16	1223
3014.76	1212
3013.36	1230
3011.96	1246
3010.57	1268
3009.17	1211
3007.77	1226
3006.37	1241
3004.97	1225
3003.57	1224
3002.17	1205
3000.77	1233
2999.37	1218
2997.97	1234
2996.57	1232
2995.17	1226
2993.77	1244
2992.37	1239
2990.97	1259
2989.56	1270
2988.16	1265
2986.76	1278
2985.35	1281
2983.95	1311
2982.54	1293
2981.14	1314
2979.73	1363
2978.33	1326
2976.92	1323
2975.51	1314
2974.11	1361
2972.7	1357
2971.29	1359
2969.89	1367
2968.48	1421
2967.07	1372
2965.66	1366
2964.25	1387
2962.84	1373
2961.43	1404
2960.02	1414
2958.61	1385
2957.2	1425
2955.79	1426
2954.38	1456
2952.96	1469
2951.55	1524
2950.14	1540
2948.73	1555
2947.31	1612
2945.9	1634
2944.48	1670
2943.07	1672
2941.65	1705
2940.24	1746
2938.82	1729
2937.41	1795
2935.99	1760
2934.57	1826
2933.16	1793
2931.74	1770
2930.32	1781
2928.9	1802
2927.48	1763
2926.06	1786
2924.64	1807
2923.22	1806
2921.8	1767
2920.38	1753
2918.96	1743
2917.54	1761
2916.12	1703
2914.7	1705
2913.28	1682
2911.85	1635
2910.43	1612
2909.01	1619
2907.58	1610
2906.16	1625
2904.74	1593
2903.31	1588
2901.88	1557
2900.46	1573
2899.03	1512
2897.61	1556
2896.18	1510
2894.75	1520
2893.33	1494
2891.9	1470
2890.47	1530
2889.04	1477
2887.61	1486
2886.18	1513
2884.75	1537
2883.32	1501
2881.89	1520
2880.46	1519
2879.03	1530
2877.6	1514
2876.17	1522
2874.74	1494
2873.3	1493
2871.87	1517
2870.44	1499
2869.01	1503
2867.57	1491
2866.14	1482
2864.7	1516
2863.27	1439
2861.83	1397
2860.4	1363
2858.96	1381
2857.52	1344
2856.09	1339
2854.65	1316
2853.21	1283
2851.77	1228
2850.34	1238
2848.9	1209
2847.46	1232
2846.02	1189
2844.58	1174
2843.14	1135
2841.7	1148
2840.26	1168
2838.82	1118
2837.37	1121
2835.93	1097
2834.49	1102
2833.05	1096
2831.6	1099
2830.16	1096
2828.72	1068
2827.27	1089
2825.83	1078
2824.38	1095
2822.94	1078
2821.49	1072
2820.05	1064
2818.6	1057
2817.15	1069
2815.71	1043
2814.26	1048
2812.81	1064
2811.36	1044
2809.91	1066
2808.47	1057
2807.02	1050
2805.57	1034
2804.12	1058
2802.67	1039
2801.22	1062
2799.76	1029
2798.31	1045
2796.86	1031
2795.41	1025
2793.96	1033
2792.5	1020
2791.05	1056
2789.6	1041
2788.14	1040
2786.69	1036
2785.23	1050
2783.78	992
2782.32	1014
2780.86	1038
2779.41	1040
2777.95	1041
2776.5	1042
2775.04	1057
2773.58	1031
2772.12	1044
2770.66	1026
2769.2	1047
2767.74	1068
2766.29	1041
2764.83	1046
2763.36	1043
2761.9	1031
2760.44	1040
2758.98	1042
2757.52	1043
2756.06	1059
2754.59	1063
2753.13	1036
2751.67	1087
2750.2	1049
2748.74	1055
2747.28	1067
2745.81	1116
2744.35	1099
2742.88	1118
2741.41	1141
2739.95	1129
2738.48	1124
2737.01	1123
2735.55	1115
2734.08	1128
2732.61	1094
2731.14	1084
2729.67	1061
2728.2	1089
2726.73	1058
2725.26	1063
2723.79	1064
2722.32	1046
2720.85	1040
2719.38	1039
2717.91	1021
2716.44	1044
2714.96	1031
2713.49	1002
2712.02	1019
2710.54	1030
2709.07	1034
2707.59	1037
2706.12	1041
2704.64	1049
2703.17	1017
2701.69	1047
2700.22	1038
2698.74	1024
2697.26	1018
2695.78	1008
2694.31	1017
2692.83	1033
2691.35	1034
2689.87	1039
2688.39	1036
2686.91	1012
2685.43	1044
2683.95	1027
2682.47	1019
2680.99	1020
2679.51	1000
2678.03	990
2676.54	1027
2675.06	1009
2673.58	1024
2672.09	1024
2670.61	1043
2669.13	1021
2667.64	1016
2666.16	1042
2664.67	1018
2663.18	1045
2661.7	1038
2660.21	1048
2658.72	1013
2657.24	1045
2655.75	1022
2654.26	1021
2652.77	1020
2651.28	1004
2649.8	1032
2648.31	1015
2646.82	1028
2645.33	1030
2643.84	1008
2642.34	1026
2640.85	1021
2639.36	1056
2637.87	1029
2636.38	1034
2634.88	1047
2633.39	1018
2631.9	1040
2630.4	1054
2628.91	1035
2627.41	1041
2625.92	1079
2624.42	1032
2622.93	1049
2621.43	1015
2619.93	1038
2618.44	1053
2616.94	1066
2615.44	1020
2613.94	1023
2612.44	1045
2610.95	1040
2609.45	1057
2607.95	1048
2606.45	1039
2604.95	1032
2603.44	1024
2601.94	1028
2600.44	1024
2598.94	1049
2597.44	1038
2595.93	1042
2594.43	1050
2592.93	1034
2591.42	1040
2589.92	1035
2588.42	1059
2586.91	1025
2585.4	1039
2583.9	1022
2582.39	1037
2580.89	1029
2579.38	1052
2577.87	1059
2576.36	1029
2574.86	1046
2573.35	1036
2571.84	1050
2570.33	1055
2568.82	1024
2567.31	1055
2565.8	1058
2564.29	1033
2562.78	1017
2561.27	1012
2559.75	1031
2558.24	1021
2556.73	1054
2555.22	1042
2553.7	1030
2552.19	1027
2550.68	1022
2549.16	1027
2547.65	1037
2546.13	1057
2544.61	1045
2543.1	1007
2541.58	1017
2540.07	1036
2538.55	1048
2537.03	1038
2535.51	1019
2533.99	1022
2532.48	1014
2530.96	1014
2529.44	1021
2527.92	1037
2526.4	1013
2524.88	1039
2523.36	1049
2521.83	1038
2520.31	1044
2518.79	1014
2517.27	1011
2515.74	1006
2514.22	1021
2512.7	1040
2511.17	1029
2509.65	1021
2508.12	1027
2506.6	1018
2505.07	1008
2503.55	1028
2502.02	1020
2500.49	1025
2498.97	1003
2497.44	1022
2495.91	1020
2494.38	1016
2492.85	1036
2491.32	1029
2489.8	1019
2488.27	1068
2486.74	1032
2485.2	1036
2483.67	1030
2482.14	1033
2480.61	1012
2479.08	1040
2477.55	1016
2476.01	1015
2474.48	1024
2472.95	1028
2471.41	1026
2469.88	1024
2468.34	1021
2466.81	1006
2465.27	992
2463.74	1025
2462.2	1010
2460.66	1016
2459.12	1037
2457.59	1018
2456.05	1052
2454.51	1031
2452.97	1030
2451.43	1032
2449.89	1045
2448.35	1030
2446.81	1027
2445.27	1033
2443.73	1014
2442.19	1020
2440.65	1019
2439.11	1055
2437.56	1006
2436.02	1043
2434.48	1022
2432.93	1003
2431.39	1011
2429.84	1023
2428.3	1035
2426.75	1035
2425.21	1023
2423.66	1027
2422.12	1023
2420.57	1017
2419.02	1011
2417.47	1043
2415.93	1053
2414.38	1019
2412.83	1024
2411.28	1015
2409.73	1055
2408.18	996
2406.63	1037
2405.08	994
2403.53	1033
2401.98	1011
2400.42	1010
2398.87	1022
2397.32	1035
2395.77	1010
2394.21	1007
2392.66	1019
2391.1	1003
2389.55	1027
2387.99	1007
2386.44	1029
2384.88	1019
2383.33	1023
2381.77	1055
2380.21	1015
2378.66	1028
2377.1	1025
2375.54	1031
2373.98	1019
2372.42	1029
2370.86	1022
2369.3	990
2367.74	1017
2366.18	1011
2364.62	1012
2363.06	1015
2361.5	1007
2359.94	986
2358.37	1007
2356.81	1042
2355.25	1003
2353.68	1023
2352.12	1017
2350.56	1007
2348.99	983
2347.43	993
2345.86	979
2344.29	1004
2342.73	1025
2341.16	1027
2339.59	1032
2338.03	999
2336.46	1018
2334.89	994
2333.32	1055
2331.75	1042
2330.18	1009
2328.61	1005
2327.04	1019
2325.47	997
2323.9	995
2322.33	1010
2320.76	1010
2319.18	1015
2317.61	1024
2316.04	1031
2314.47	1035
2312.89	1007
2311.32	1007
2309.74	996
2308.17	1027
2306.59	1003
2305.02	1011
2303.44	1021
2301.86	1026
2300.29	997
2298.71	999
2297.13	1007
2295.55	968
2293.97	1013
2292.4	1002
2290.82	1015
2289.24	1009
2287.66	1010
2286.08	1016
2284.49	1019
2282.91	1017
2281.33	1010
2279.75	1003
2278.17	1004
2276.58	1019
2275	1008
2273.42	1003
2271.83	1015
2270.25	1000
2268.66	1017
2267.08	1022
2265.49	1025
2263.91	1013
2262.32	1018
2260.73	1010
2259.14	993
2257.56	1030
2255.97	1016
2254.38	1039
2252.79	1015
2251.2	1020
2249.61	1029
2248.02	1016
2246.43	1013
2244.84	1027
2243.25	1026
2241.66	998
2240.07	1024
2238.47	988
2236.88	1011
2235.29	1019
2233.69	1013
2232.1	1034
2230.5	1014
2228.91	1007
2227.31	987
2225.72	1012
2224.12	1007
2222.53	999
2220.93	1033
2219.33	1017
2217.73	1034
2216.14	1019
2214.54	1013
2212.94	1016
2211.34	1022
2209.74	1009
2208.14	1013
2206.54	1008
2204.94	992
2203.34	1037
2201.74	1026
2200.13	1028
2198.53	1010
2196.93	1018
2195.33	1022
2193.72	1009
2192.12	1026
2190.51	1009
2188.91	1023
2187.3	1031
2185.7	1018
2184.09	1005
2182.48	1006
2180.88	1001
2179.27	999
2177.66	1021
2176.05	1014
2174.45	1007
2172.84	994
2171.23	1001
2169.62	1014
2168.01	1019
2166.4	1029
2164.79	1011
2163.18	1008
2161.56	1007
2159.95	1025
2158.34	1020
2156.73	1003
2155.11	1024
2153.5	1029
2151.89	1010
2150.27	1000
2148.66	1009
2147.04	998
2145.43	1012
2143.81	993
2142.19	1016
2140.58	1012
2138.96	983
2137.34	1020
2135.72	1016
2134.1	1006
2132.48	1002
2130.86	987
2129.25	1014
2127.63	1008
2126	1037
2124.38	1009
2122.76	1015
2121.14	1023
2119.52	994
2117.9	1010
2116.27	1018
2114.65	1019
2113.03	995
2111.4	1015
2109.78	1019
2108.15	1039
2106.53	1013
2104.9	995
2103.27	997
2101.65	1003
2100.02	1003
2098.39	994
2096.77	1025
2095.14	1028
2093.51	1007
2091.88	1033
2090.25	1025
2088.62	996
2086.99	988
2085.36	1005
2083.73	1000
2082.1	1002
2080.46	1006
2078.83	1002
2077.2	1022
2075.57	1026
2073.93	1023
2072.3	995
2070.66	997
2069.03	975
2067.4	1005
2065.76	1017
2064.12	1007
2062.49	1012
2060.85	985
2059.21	1004
2057.58	998
2055.94	1023
2054.3	982
2052.66	1004
2051.02	1010
2049.38	999
2047.74	1011
2046.1	1005
2044.46	976
2042.82	1029
2041.18	1043
2039.53	1023
2037.89	1022
2036.25	1006
2034.61	996
2032.96	1003
2031.32	1013
2029.67	995
2028.03	1003
2026.38	1014
2024.74	991
2023.09	1008
2021.44	1005
2019.8	1025
2018.15	1005
2016.5	1009
2014.85	1030
2013.21	1002
2011.56	1004
2009.91	1008
2008.26	1004
2006.61	1005
2004.96	997
2003.3	1016
2001.65	988
2000	970
1998.35	992
1996.7	1022
1995.04	1008
1993.39	1012
1991.74	959
1990.08	1036
1988.43	1007
1986.77	1008
1985.12	1016
1983.46	1009
1981.8	1010
1980.15	1003
1978.49	1040
1976.83	1024
1975.17	1010
1973.51	1001
1971.86	1017
1970.2	1006
1968.54	1018
1966.88	1011
1965.22	1002
1963.55	996
1961.89	1019
1960.23	1017
1958.57	1021
1956.91	995
1955.24	998
1953.58	1023
1951.92	1036
1950.25	1024
1948.59	1039
1946.92	1005
1945.26	1009
1943.59	1008
1941.92	978
1940.26	1009
1938.59	990
1936.92	1014
1935.25	1022
1933.59	975
1931.92	1024
1930.25	1001
1928.58	1011
1926.91	1017
1925.24	1055
1923.57	1020
1921.9	1010
1920.22	999
1918.55	1024
1916.88	1001
1915.21	1000
1913.53	1017
1911.86	1019
1910.18	1006
1908.51	1030
1906.83	1000
1905.16	1028
1903.48	1007
1901.81	1013
1900.13	1007
1898.45	1008
1896.78	1018
1895.1	1017
1893.42	1000
1891.74	1007
1890.06	1014
1888.38	1001
1886.7	1012
1885.02	1000
1883.34	1015
1881.66	1011
1879.98	1020
1878.3	1008
1876.61	1002
1874.93	993
1873.25	1013
1871.56	1000
1869.88	1028
1868.19	993
1866.51	1026
1864.82	1038
1863.14	996
1861.45	1024
1859.76	984
1858.08	1005
1856.39	987
1854.7	1006
1853.01	984
1851.32	1006
1849.63	1004
1847.95	993
1846.25	1009
1844.56	1032
1842.87	1007
1841.18	1012
1839.49	1026
1837.8	1022
1836.11	1010
1834.41	1017
1832.72	998
1831.03	1015
1829.33	1017
1827.64	1009
1825.94	1006
1824.25	1021
1822.55	1025
1820.85	1018
1819.16	1044
1817.46	1009
1815.76	1026
1814.06	1014
1812.36	1045
1810.67	1010
1808.97	1048
1807.27	1023
1805.57	1021
1803.87	1022
1802.17	1017
1800.46	1002
1798.76	1005
1797.06	1028
1795.36	1011
1793.65	1046
1791.95	1015
1790.25	1004
1788.54	1034
1786.84	1023
1785.13	1015
1783.43	1011
1781.72	1034
1780.01	1047
1778.31	1011
1776.6	1029
1774.89	1011
1773.18	1051
1771.47	1013
1769.77	1013
1768.06	1020
1766.35	1021
1764.64	1005
1762.92	1008
1761.21	1028
1759.5	1042
1757.79	1014
1756.08	1012
1754.36	1004
1752.65	1032
1750.94	1043
1749.22	1015
1747.51	1016
1745.79	998
1744.08	1002
1742.36	1035
1740.65	1051
1738.93	1020
1737.21	1011
1735.49	1043
1733.78	1031
1732.06	1025
1730.34	1016
1728.62	1023
1726.9	1023
1725.18	1047
1723.46	1014
1721.74	1004
1720.02	1009
1718.3	1035
1716.57	1017
1714.85	1049
1713.13	1016
1711.41	1036
1709.68	1019
1707.96	1038
1706.23	1042
1704.51	1040
1702.78	1034
1701.05	1049
1699.33	1027
1697.6	1051
1695.87	1060
1694.15	1057
1692.42	1052
1690.69	1043
1688.96	1045
1687.23	1056
1685.5	1070
1683.77	1028
1682.04	1065
1680.31	1058
1678.58	1034
1676.85	1039
1675.11	1036
1673.38	1042
1671.65	1053
1669.91	1065
1668.18	1077
1666.44	1068
1664.71	1063
1662.97	1056
1661.24	1092
1659.5	1094
1657.76	1094
1656.03	1065
1654.29	1072
1652.55	1092
1650.81	1103
1649.07	1123
1647.33	1098
1645.59	1126
1643.85	1134
1642.11	1183
1640.37	1193
1638.63	1213
1636.89	1249
1635.15	1299
1633.4	1349
1631.66	1450
1629.92	1544
1628.17	1614
1626.43	1733
1624.68	1822
1622.94	1871
1621.19	2050
1619.45	2185
1617.7	2282
1615.95	2377
1614.21	2405
1612.46	2265
1610.71	2072
1608.96	1969
1607.21	1858
1605.46	1762
1603.71	1702
1601.96	1676
1600.21	1728
1598.46	1677
1596.71	1705
1594.95	1655
1593.2	1688
1591.45	1648
1589.7	1620
1587.94	1536
1586.19	1473
1584.43	1390
1582.68	1352
1580.92	1320
1579.16	1266
1577.41	1248
1575.65	1195
1573.89	1168
1572.13	1186
1570.38	1171
1568.62	1136
1566.86	1125
1565.1	1100
1563.34	1141
1561.58	1141
1559.82	1108
1558.06	1090
1556.29	1112
1554.53	1118
1552.77	1134
1551.01	1116
1549.24	1139
1547.48	1102
1545.71	1109
1543.95	1123
1542.18	1098
1540.42	1103
1538.65	1103
1536.89	1108
1535.12	1085
1533.35	1121
1531.58	1115
1529.82	1115
1528.05	1124
1526.28	1100
1524.51	1134
1522.74	1123
1520.97	1111
1519.2	1160
1517.42	1134
1515.65	1169
1513.88	1139
1512.11	1151
1510.33	1186
1508.56	1179
1506.79	1186
1505.01	1171
1503.24	1179
1501.46	1201
1499.69	1187
1497.91	1209
1496.13	1241
1494.36	1225
1492.58	1252
1490.8	1257
1489.02	1282
1487.24	1280
1485.46	1286
1483.68	1340
1481.9	1296
1480.12	1373
1478.34	1450
1476.56	1461
1474.78	1508
1473	1582
1471.21	1560
1469.43	1623
1467.65	1690
1465.86	1722
1464.08	1763
1462.29	1768
1460.51	1783
1458.72	1753
1456.93	1807
1455.15	1801
1453.36	1806
1451.57	1719
1449.79	1668
1448	1659
1446.21	1572
1444.42	1497
1442.63	1459
1440.84	1424
1439.05	1393
1437.26	1346
1435.46	1326
1433.67	1303
1431.88	1310
1430.09	1288
1428.29	1247
1426.5	1261
1424.71	1255
1422.91	1213
1421.12	1230
1419.32	1229
1417.52	1204
1415.73	1177
1413.93	1224
1412.13	1239
1410.34	1202
1408.54	1242
1406.74	1228
1404.94	1282
1403.14	1307
1401.34	1327
1399.54	1339
1397.74	1430
1395.94	1525
1394.14	1601
1392.33	1719
1390.53	1793
1388.73	1787
1386.92	1748
1385.12	1596
1383.32	1485
1381.51	1440
1379.7	1329
1377.9	1298
1376.09	1256
1374.29	1214
1372.48	1204
1370.67	1188
1368.86	1173
1367.05	1180
1365.25	1151
1363.44	1186
1361.63	1168
1359.82	1170
1358.01	1158
1356.19	1193
1354.38	1209
1352.57	1238
1350.76	1251
1348.95	1253
1347.13	1252
1345.32	1254
1343.5	1285
1341.69	1307
1339.87	1310
1338.06	1316
1336.24	1367
1334.43	1336
1332.61	1337
1330.79	1327
1328.97	1324
1327.16	1319
1325.34	1296
1323.52	1276
1321.7	1283
1319.88	1238
1318.06	1243
1316.24	1210
1314.41	1172
1312.59	1203
1310.77	1193
1308.95	1183
1307.12	1181
1305.3	1198
1303.48	1195
1301.65	1184
1299.83	1191
1298	1178
1296.18	1167
1294.35	1193
1292.52	1178
1290.69	1147
1288.87	1211
1287.04	1193
1285.21	1200
1283.38	1199
1281.55	1239
1279.72	1277
1277.89	1292
1276.06	1310
1274.23	1337
1272.4	1279
1270.57	1368
1268.73	1380
1266.9	1437
1265.07	1544
1263.23	1643
1261.4	1698
1259.56	1642
1257.73	1566
1255.89	1476
1254.06	1393
1252.22	1311
1250.38	1263
1248.54	1269
1246.71	1224
1244.87	1260
1243.03	1251
1241.19	1289
1239.35	1370
1237.51	1420
1235.67	1446
1233.83	1507
1231.98	1496
1230.14	1465
1228.3	1490
1226.46	1517
1224.61	1619
1222.77	1836
1220.92	2152
1219.08	2497
1217.23	2894
1215.39	3153
1213.54	3188
1211.7	3046
1209.85	2664
1208	2339
1206.15	2016
1204.3	1848
1202.45	1725
1200.61	1730
1198.76	1661
1196.91	1688
1195.05	1784
1193.2	1818
1191.35	1783
1189.5	1772
1187.65	1770
1185.79	1638
1183.94	1633
1182.09	1557
1180.23	1534
1178.38	1517
1176.52	1501
1174.67	1486
1172.81	1602
1170.95	1659
1169.1	1686
1167.24	1708
1165.38	1637
1163.52	1559
1161.66	1493
1159.8	1317
1157.94	1306
1156.08	1238
1154.22	1217
1152.36	1200
1150.5	1192
1148.64	1155
1146.77	1135
1144.91	1134
1143.05	1142
1141.18	1128
1139.32	1135
1137.45	1135
1135.59	1143
1133.72	1159
1131.86	1164
1129.99	1137
1128.12	1159
1126.25	1149
1124.39	1153
1122.52	1118
1120.65	1142
1118.78	1167
1116.91	1154
1115.04	1184
1113.17	1167
1111.3	1241
1109.42	1237
1107.55	1273
1105.68	1320
1103.81	1281
1101.93	1270
1100.06	1276
1098.18	1250
1096.31	1262
1094.43	1260
1092.56	1259
1090.68	1264
1088.8	1337
1086.93	1367
1085.05	1442
1083.17	1507
1081.29	1622
1079.41	1688
1077.53	1709
1075.65	1747
1073.77	1741
1071.89	1735
1070.01	1788
1068.13	1878
1066.24	2029
1064.36	1950
1062.48	1903
1060.59	1852
1058.71	1775
1056.83	1764
1054.94	1867
1053.05	2003
1051.17	2222
1049.28	2625
1047.39	3094
1045.51	3627
1043.62	3929
1041.73	3853
1039.84	3294
1037.95	2625
1036.06	2081
1034.17	1810
1032.28	1714
1030.39	1701
1028.5	1836
1026.61	2128
1024.71	2629
1022.82	3657
1020.93	5382
1019.03	7650
1017.14	10066
1015.24	11364
1013.35	10424
1011.45	7991
1009.56	5557
1007.66	3769
1005.76	2858
1003.86	2430
1001.97	2191
1000.07	2072
998.167	1918
996.268	1827
994.368	1823
992.466	1775
990.565	1756
988.664	1791
986.762	1881
984.86	1905
982.957	2031
981.053	2102
979.15	2093
977.245	2036
975.34	1964
973.435	1757
971.53	1645
969.624	1506
967.717	1410
965.809	1342
963.902	1302
961.994	1248
960.086	1209
958.177	1197
956.267	1175
954.357	1139
952.447	1164
950.536	1134
948.625	1124
946.713	1151
944.8	1133
942.888	1146
940.974	1123
939.061	1144
937.147	1103
935.233	1112
933.317	1101
931.402	1147
929.485	1118
927.569	1149
925.652	1104
923.735	1128
921.817	1139
919.899	1165
917.98	1148
916.061	1144
914.141	1152
912.22	1137
910.3	1138
908.378	1134
906.456	1140
904.534	1152
902.612	1132
900.689	1129
898.766	1103
896.841	1126
894.916	1142
892.991	1112
891.066	1126
889.14	1127
887.214	1117
885.287	1099
883.36	1104
881.432	1121
879.504	1117
877.575	1110
875.646	1115
873.716	1108
871.786	1094
869.855	1150
867.924	1141
865.992	1125
864.06	1150
862.128	1173
860.194	1193
858.261	1254
856.327	1276
854.393	1325
852.458	1376
850.522	1476
848.586	1659
846.65	1842
844.714	2134
842.776	2370
840.838	2376
838.901	2135
836.961	1869
835.023	1645
833.082	1557
831.142	1550
829.202	1539
827.261	1634
825.319	1686
823.377	1640
821.434	1595
819.491	1495
817.548	1395
815.604	1331
813.66	1318
811.715	1303
809.769	1317
807.823	1279
805.878	1281
803.93	1337
801.983	1345
800.035	1362
798.087	1437
796.139	1570
794.189	1740
792.24	1990
790.289	2509
788.339	3092
786.387	3909
784.436	4384
782.484	4399
780.532	3924
778.578	3382
776.624	2866
774.671	2524
772.716	2343
770.762	2250
768.806	2159
766.85	2181
764.893	2214
762.937	2117
760.979	2055
759.022	1961
757.064	1920
755.105	1959
753.145	2188
751.185	2581
749.226	3024
747.264	3140
745.303	3043
743.341	3296
741.38	3866
739.417	4016
737.454	3298
735.49	2265
733.526	1698
731.562	1439
729.596	1314
727.631	1279
725.665	1232
723.699	1201
721.732	1155
719.764	1169
717.797	1145
715.828	1188
713.859	1158
711.889	1147
709.919	1162
707.949	1134
705.978	1116
704.007	1075
702.035	1101
700.063	1111
698.091	1097
696.117	1072
694.143	1057
692.169	1052
690.194	1069
688.219	1074
686.244	1076
684.267	1054
682.291	1076
680.314	1052
678.336	1099
676.358	1086
674.379	1083
672.4	1088
670.421	1140
668.441	1149
666.46	1189
664.479	1263
662.497	1292
660.516	1430
658.533	1408
656.55	1320
654.567	1265
652.583	1238
650.598	1233
648.614	1274
646.628	1326
644.643	1464
642.656	1635
640.669	1884
638.682	2189
636.694	2403
634.706	2202
632.717	1853
630.728	1528
628.738	1372
626.748	1317
624.757	1213
622.766	1198
620.774	1176
618.782	1194
616.789	1184
614.796	1136
612.802	1171
610.808	1144
608.814	1133
606.818	1178
604.822	1264
602.827	1323
600.83	1498
598.833	1674
596.836	1753
594.838	1602
592.839	1391
590.84	1257
588.841	1211
586.84	1144
584.84	1181
582.838	1187
580.838	1258
578.835	1269
576.833	1338
574.83	1428
572.827	1513
570.822	1543
568.818	1510
566.813	1471
564.808	1490
562.802	1498
560.795	1579
558.788	1785
556.781	2215
554.773	2849
552.765	3421
550.756	3059
548.747	2238
546.737	1787
544.726	1558
542.716	1456
540.704	1491
538.692	1539
536.68	1585
534.667	1795
532.654	1898
530.64	1929
528.626	1783
526.611	1646
524.596	1637
522.58	1649
520.564	1614
518.547	1639
516.529	1595
514.512	1652
512.494	1746
510.476	1901
508.456	2131
506.436	2347
504.416	2364
502.395	2277
500.374	2094
498.353	1957
496.33	1759
494.307	1678
492.284	1562
490.261	1579
488.237	1530
486.212	1463
484.187	1475
482.161	1579
480.134	1651
478.108	1957
476.081	2163
474.054	2133
472.025	1877
469.997	1625
467.968	1470
465.938	1397
463.908	1368
461.877	1346
459.846	1370
457.814	1341
455.782	1374
453.75	1330
451.716	1377
449.683	1339
447.649	1328
445.614	1311
443.579	1323
441.543	1342
439.508	1359
437.47	1374
435.433	1411
433.396	1421
431.358	1439
429.319	1453
427.28	1539
425.241	1485
423.201	1560
421.16	1619
419.118	1574
417.077	1575
415.035	1556
412.993	1566
410.949	1575
408.905	1523
406.862	1495
404.816	1518
402.771	1461
400.727	1477
398.68	1455
396.633	1457
394.586	1427
392.539	1422
390.491	1378
388.442	1393
386.393	1402
384.344	1381
382.293	1377
380.242	1385
378.192	1390
376.14	1375
374.088	1404
372.035	1356
369.982	1360
367.928	1391
365.874	1383
363.82	1380
361.765	1394
359.709	1382
357.653	1425
355.596	1389
353.539	1414
351.481	1415
349.423	1457
347.364	1502
345.305	1528
343.245	1549
341.185	1587
339.125	1676
337.063	1743
335.001	1856
332.94	1940
330.876	1961
328.813	2018
326.749	1977
324.685	1928
322.621	1880
320.555	1888
318.489	1811
316.423	1770
314.356	1802
312.29	1714
310.221	1744
308.153	1735
306.084	1733
304.015	1735
301.946	1799
299.875	1968
297.804	1931
295.733	1970
293.661	1903
291.588	1865
289.516	1776
287.443	1759
285.369	1721
283.295	1713
281.22	1746
279.144	1806
277.068	1853
274.992	1822
272.915	1812
270.837	1837
268.76	1857
266.681	1850
264.602	1857
262.523	1902
260.443	1984
258.362	2096
256.282	2191
254.2	2426
252.118	2555
250.036	2706
247.952	2800
245.869	2837
243.784	2809
241.7	2747
239.616	2651
237.53	2574
235.443	2490
233.357	2552
231.27	2595
229.182	2643
227.094	2701
225.005	2751
222.916	2776
220.827	2797
218.737	2783
216.646	2744
214.555	2841
212.462	2890
210.37	2966
208.278	3037
206.185	3172
204.091	3318
201.997	3569
199.902	3757
197.807	3924
195.711	4164
193.615	4357
191.517	4636
189.42	4914
187.322	5240
185.224	5730
183.125	6134
181.025	6566
178.926	6911
176.825	7164
174.724	7307
172.623	7395
170.521	7267
168.418	7143
166.315	7062
164.212	6925
162.108	6843
160.003	6917
157.898	6859
155.793	7063
153.686	7190
151.58	7441
149.473	7942
147.365	8167
145.257	8639
143.148	9373
141.039	9974
138.929	10617
136.819	11495
134.709	12253
132.597	13338
130.485	14493
128.373	15834
126.26	17375
124.147	18896
122.033	20723
119.919	22698
117.804	24417
115.688	26475
113.573	28240
111.456	29689
109.339	30611
107.222	30128
105.103	27993
102.985	24414
100.866	19674
98.7467	14621
96.6262	9964
