3502.52	1044
3501.25	1046
3499.98	1080
3498.71	1056
3497.44	1055
3496.17	1056
3494.9	1047
3493.62	1060
3492.35	1050
3491.08	1051
3489.8	1054
3488.53	1059
3487.26	1044
3485.98	1043
3484.71	1027
3483.43	1039
3482.16	1033
3480.88	1050
3479.6	1033
3478.33	1047
3477.05	1047
3475.77	1060
3474.5	1039
3473.22	1036
3471.94	1033
3470.66	1051
3469.38	1018
3468.1	1011
3466.82	1044
3465.54	1032
3464.26	1025
3462.98	1011
3461.7	1025
3460.42	1022
3459.14	1008
3457.86	1030
3456.57	1027
3455.29	1028
3454.01	1025
3452.73	1022
3451.44	1021
3450.16	1037
3448.87	1010
3447.59	1026
3446.3	1027
3445.02	988
3443.73	1030
3442.45	991
3441.16	1021
3439.88	1009
3438.59	1024
3437.3	1041
3436.01	1013
3434.73	992
3433.44	998
3432.15	1008
3430.86	1000
3429.57	1012
3428.28	1014
3426.99	1027
3425.7	1004
3424.41	1022
3423.12	1034
3421.83	1027
3420.54	1019
3419.24	1012
3417.95	1005
3416.66	997
3415.37	1019
3414.07	1023
3412.78	1002
3411.48	1004
3410.19	1012
3408.9	1015
3407.6	1019
3406.31	1019
3405.01	1020
3403.72	1026
3402.42	1027
3401.12	1021
3399.82	1017
3398.53	1032
3397.23	1043
3395.93	1003
3394.63	986
3393.33	1016
3392.04	1002
3390.74	1009
3389.44	1013
3388.14	1001
3386.84	1008
3385.53	981
3384.23	1020
3382.93	1028
3381.63	1008
3380.33	1010
3379.03	1004
3377.72	1016
3376.42	992
3375.12	994
3373.81	1019
3372.51	1026
3371.2	1020
3369.9	1000
3368.59	1025
3367.29	1013
3365.98	981
3364.68	1004
3363.37	1002
3362.06	1000
3360.76	978
3359.45	1000
3358.14	994
3356.83	1011
3355.52	1010
3354.22	1007
3352.91	1042
3351.6	1013
3350.29	1003
3348.98	1019
3347.67	1009
3346.36	997
3345.04	1004
3343.73	1013
3342.42	1001
3341.11	1020
3339.8	984
3338.48	994
3337.17	1006
3335.86	998
3334.54	1004
3333.23	986
3331.91	1005
3330.6	1009
3329.28	1021
3327.97	1018
3326.65	1001
3325.34	998
3324.02	998
3322.7	996
3321.38	991
3320.07	1034
3318.75	1011
3317.43	1001
3316.11	1024
3314.79	1019
3313.47	1007
3312.15	1011
3310.83	1022
3309.51	1004
3308.19	1009
3306.87	985
3305.55	1017
3304.23	1015
3302.9	1020
3301.58	1002
3300.26	1012
3298.94	1044
3297.61	999
3296.29	1004
3294.96	967
3293.64	1006
3292.31	998
3290.99	1003
3289.66	996
3288.34	1021
3287.01	1025
3285.68	999
3284.36	993
3283.03	1012
3281.7	1018
3280.37	1024
3279.05	1001
3277.72	1004
3276.39	1022
3275.06	993
3273.73	994
3272.4	1000
3271.07	1000
3269.74	999
3268.41	1006
3267.08	1011
3265.74	1012
3264.41	1026
3263.08	1013
3261.75	995
3260.41	1005
3259.08	1016
3257.75	1005
3256.41	988
3255.08	1011
3253.74	1006
3252.41	982
3251.07	982
3249.74	1006
3248.4	1025
3247.06	1005
3245.73	1007
3244.39	993
3243.05	1001
3241.71	1018
3240.37	998
3239.04	1021
3237.7	996
3236.36	972
3235.02	1003
3233.68	1005
3232.34	988
3231	996
3229.66	994
3228.31	1005
3226.97	990
3225.63	1000
3224.29	1008
3222.94	1021
3221.6	990
3220.26	1007
3218.91	992
3217.57	1004
3216.23	1006
3214.88	1015
3213.53	1011
3212.19	1010
3210.84	1012
3209.5	1023
3208.15	1025
3206.8	1013
3205.46	1009
3204.11	1014
3202.76	1007
3201.41	996
3200.06	1028
3198.71	1026
3197.36	1013
3196.01	1001
3194.66	990
3193.31	1004
3191.96	1033
3190.61	1000
3189.26	1002
3187.91	1025
3186.56	1038
3185.2	1008
3183.85	1020
3182.5	1015
3181.14	1020
3179.79	1011
3178.44	988
3177.08	1010
3175.73	1013
3174.37	992
3173.01	1001
3171.66	1022
3170.3	1013
3168.95	1014
3167.59	1010
3166.23	986
3164.87	999
3163.51	1026
3162.16	1039
3160.8	1029
3159.44	1009
3158.08	1003
3156.72	1013
3155.36	1009
3154	1002
3152.64	1010
3151.28	1007
3149.91	988
3148.55	992
3147.19	989
3145.83	1013
3144.46	1007
3143.1	1032
3141.74	1012
3140.37	1014
3139.01	1052
3137.64	1043
3136.28	1020
3134.91	1026
3133.55	1003
3132.18	994
3130.81	1009
3129.45	1028
3128.08	1019
3126.71	1011
3125.34	1015
3123.98	1022
3122.61	1036
3121.24	1049
3119.87	1033
3118.5	1005
3117.13	1013
3115.76	1018
3114.39	1048
3113.02	1010
3111.64	1046
3110.27	1050
3108.9	1059
3107.53	1036
3106.15	1049
3104.78	1041
3103.41	1087
3102.03	1073
3100.66	1064
3099.29	1072
3097.91	1066
3096.53	1061
3095.16	1088
3093.78	1114
3092.41	1080
3091.03	1101
3089.65	1132
3088.27	1130
3086.9	1155
3085.52	1156
3084.14	1186
3082.76	1192
3081.38	1183
3080	1229
3078.62	1282
3077.24	1321
3075.86	1320
3074.48	1361
3073.1	1404
3071.72	1391
3070.33	1458
3068.95	1488
3067.57	1516
3066.19	1486
3064.8	1555
3063.42	1507
3062.03	1494
3060.65	1418
3059.26	1369
3057.88	1425
3056.49	1333
3055.11	1367
3053.72	1311
3052.33	1296
3050.95	1320
3049.56	1276
3048.17	1269
3046.78	1217
3045.4	1222
3044.01	1192
3042.62	1162
3041.23	1184
3039.84	1152
3038.45	1163
3037.06	1108
3035.67	1119
3034.28	1100
3032.88	1088
3031.49	1127
3030.1	1098
3028.71	1085
3027.31	1064
3025.92	1060
3024.52	1073
3023.13	1049
3021.74	1050
3020.34	1068
3018.95	1060
3017.55	1074
3016.16	1038
3014.76	1041
3013.36	1030
3011.96	1028
3010.57	1041
3009.17	1035
3007.77	1038
3006.37	1031
3004.97	1020
3003.57	1052
3002.17	1035
3000.77	1019
2999.37	1025
2997.97	1014
2996.57	1008
2995.17	1017
2993.77	1011
2992.37	1034
2990.97	1037
2989.56	998
2988.16	1022
2986.76	1039
2985.35	1005
2983.95	1034
2982.54	1027
2981.14	1021
2979.73	1003
2978.33	1010
2976.92	1033
2975.51	1017
2974.11	1036
2972.7	1013
2971.29	1015
2969.89	1032
2968.48	1038
2967.07	1050
2965.66	1040
2964.25	1023
2962.84	1050
2961.43	1041
2960.02	1027
2958.61	1054
2957.2	1059
2955.79	1073
2954.38	1052
2952.96	1079
2951.55	1067
2950.14	1071
2948.73	1058
2947.31	1078
2945.9	1039
2944.48	1049
2943.07	1045
2941.65	1055
2940.24	1065
2938.82	1007
2937.41	1024
2935.99	1046
2934.57	1031
2933.16	1054
2931.74	1015
2930.32	1026
2928.9	1019
2927.48	1031
2926.06	1025
2924.64	1013
2923.22	1033
2921.8	1023
2920.38	1021
2918.96	1008
2917.54	1010
2916.12	1026
2914.7	1019
2913.28	1008
2911.85	1016
2910.43	1027
2909.01	999
2907.58	1001
2906.16	972
2904.74	1020
2903.31	1043
2901.88	1029
2900.46	1018
2899.03	982
2897.61	1014
2896.18	999
2894.75	1012
2893.33	1013
2891.9	1021
2890.47	1001
2889.04	987
2887.61	1010
2886.18	1006
2884.75	1024
2883.32	996
2881.89	1013
2880.46	989
2879.03	1023
2877.6	1012
2876.17	1010
2874.74	996
2873.3	1028
2871.87	1009
2870.44	1006
2869.01	993
2867.57	1026
2866.14	1012
2864.7	1030
2863.27	997
2861.83	992
2860.4	997
2858.96	1002
2857.52	997
2856.09	996
2854.65	992
2853.21	992
2851.77	1021
2850.34	1016
2848.9	1026
2847.46	992
2846.02	1022
2844.58	992
2843.14	1024
2841.7	1003
2840.26	1004
2838.82	1005
2837.37	994
2835.93	976
2834.49	1009
2833.05	1028
2831.6	1020
2830.16	999
2828.72	1000
2827.27	996
2825.83	1006
2824.38	1010
2822.94	993
2821.49	1022
2820.05	1002
2818.6	1011
2817.15	1013
2815.71	1006
2814.26	989
2812.81	997
2811.36	999
2809.91	1026
2808.47	1011
2807.02	1010
2805.57	998
2804.12	999
2802.67	1003
2801.22	1009
2799.76	1043
2798.31	1009
2796.86	995
2795.41	1023
2793.96	1050
2792.5	1001
2791.05	1006
2789.6	1035
2788.14	1007
2786.69	1041
2785.23	1028
2783.78	1019
2782.32	1033
2780.86	1019
2779.41	1022
2777.95	1012
2776.5	1009
2775.04	1010
2773.58	1015
2772.12	1023
2770.66	1026
2769.2	996
2767.74	987
2766.29	997
2764.83	1001
2763.36	1023
2761.9	1004
2760.44	1009
2758.98	1010
2757.52	982
2756.06	997
2754.59	1004
2753.13	1000
2751.67	1011
2750.2	1011
2748.74	996
2747.28	1010
2745.81	986
2744.35	1009
2742.88	1027
2741.41	1020
2739.95	1005
2738.48	1019
2737.01	1000
2735.55	1015
2734.08	1008
2732.61	1010
2731.14	975
2729.67	1006
2728.2	999
2726.73	1010
2725.26	1013
2723.79	995
2722.32	1025
2720.85	1013
2719.38	989
2717.91	992
2716.44	1023
2714.96	1010
2713.49	1018
2712.02	1018
2710.54	994
2709.07	1013
2707.59	1011
2706.12	1003
2704.64	1023
2703.17	989
2701.69	1012
2700.22	993
2698.74	1011
2697.26	969
2695.78	1002
2694.31	1014
2692.83	1016
2691.35	991
2689.87	1020
2688.39	1003
2686.91	977
2685.43	1018
2683.95	997
2682.47	1012
2680.99	993
2679.51	1014
2678.03	1023
2676.54	1004
2675.06	998
2673.58	998
2672.09	1005
2670.61	985
2669.13	1000
2667.64	1001
2666.16	997
2664.67	978
2663.18	980
2661.7	986
2660.21	998
2658.72	1010
2657.24	993
2655.75	1000
2654.26	1017
2652.77	1001
2651.28	1013
2649.8	1014
2648.31	1000
2646.82	1008
2645.33	992
2643.84	1002
2642.34	995
2640.85	1022
2639.36	1022
2637.87	1028
2636.38	1013
2634.88	1023
2633.39	1027
2631.9	1009
2630.4	1030
2628.91	1028
2627.41	1031
2625.92	1029
2624.42	1028
2622.93	1017
2621.43	1036
2619.93	1035
2618.44	998
2616.94	1032
2615.44	1074
2613.94	1038
2612.44	1013
2610.95	1013
2609.45	996
2607.95	1001
2606.45	1027
2604.95	1004
2603.44	1008
2601.94	994
2600.44	1008
2598.94	1023
2597.44	1010
2595.93	1024
2594.43	1005
2592.93	1016
2591.42	1007
2589.92	997
2588.42	1010
2586.91	988
2585.4	1004
2583.9	987
2582.39	990
2580.89	991
2579.38	1014
2577.87	1004
2576.36	1021
2574.86	1023
2573.35	985
2571.84	1007
2570.33	1022
2568.82	1006
2567.31	1003
2565.8	1008
2564.29	1039
2562.78	991
2561.27	1017
2559.75	1017
2558.24	1020
2556.73	1003
2555.22	1033
2553.7	1028
2552.19	1042
2550.68	1026
2549.16	1033
2547.65	1032
2546.13	1022
2544.61	1009
2543.1	1005
2541.58	1006
2540.07	994
2538.55	1001
2537.03	1042
2535.51	1008
2533.99	1015
2532.48	1013
2530.96	994
2529.44	1011
2527.92	986
2526.4	1005
2524.88	996
2523.36	1041
2521.83	1027
2520.31	1027
2518.79	1034
2517.27	1020
2515.74	990
2514.22	1005
2512.7	1007
2511.17	1011
2509.65	1002
2508.12	1007
2506.6	1004
2505.07	1007
2503.55	1011
2502.02	1009
2500.49	1005
2498.97	1004
2497.44	989
2495.91	999
2494.38	992
2492.85	964
2491.32	1004
2489.8	996
2488.27	1013
2486.74	988
2485.2	988
2483.67	1008
2482.14	1006
2480.61	1020
2479.08	996
2477.55	1006
2476.01	1012
2474.48	991
2472.95	1020
2471.41	1030
2469.88	1015
2468.34	1014
2466.81	1001
2465.27	1024
2463.74	1019
2462.2	1009
2460.66	1031
2459.12	1026
2457.59	1004
2456.05	1035
2454.51	1006
2452.97	1007
2451.43	1011
2449.89	1006
2448.35	1009
2446.81	995
2445.27	999
2443.73	1019
2442.19	1015
2440.65	1004
2439.11	993
2437.56	1009
2436.02	999
2434.48	1001
2432.93	1000
2431.39	1024
2429.84	1010
2428.3	999
2426.75	1004
2425.21	1002
2423.66	1010
2422.12	983
2420.57	983
2419.02	1020
2417.47	1003
2415.93	1007
2414.38	1005
2412.83	1003
2411.28	1006
2409.73	993
2408.18	1007
2406.63	1016
2405.08	1013
2403.53	985
2401.98	1004
2400.42	999
2398.87	1010
2397.32	976
2395.77	1028
2394.21	1008
2392.66	971
2391.1	955
2389.55	990
2387.99	1012
2386.44	990
2384.88	1005
2383.33	1023
2381.77	995
2380.21	1026
2378.66	1003
2377.1	1022
2375.54	1007
2373.98	1003
2372.42	1013
2370.86	1023
2369.3	1025
2367.74	999
2366.18	1013
2364.62	1004
2363.06	991
2361.5	1020
2359.94	1017
2358.37	1016
2356.81	1008
2355.25	1009
2353.68	1000
2352.12	990
2350.56	1016
2348.99	1004
2347.43	1014
2345.86	988
2344.29	1031
2342.73	1018
2341.16	1034
2339.59	1015
2338.03	1012
2336.46	999
2334.89	997
2333.32	993
2331.75	1013
2330.18	1006
2328.61	991
2327.04	1018
2325.47	998
2323.9	1012
2322.33	1003
2320.76	1023
2319.18	991
2317.61	1013
2316.04	998
2314.47	979
2312.89	1011
2311.32	1015
2309.74	1016
2308.17	987
2306.59	1033
2305.02	1035
2303.44	1005
2301.86	994
2300.29	993
2298.71	1022
2297.13	1005
2295.55	1032
2293.97	1005
2292.4	996
2290.82	1011
2289.24	1020
2287.66	1006
2286.08	970
2284.49	1012
2282.91	1013
2281.33	1022
2279.75	1003
2278.17	993
2276.58	998
2275	996
2273.42	1015
2271.83	1013
2270.25	1008
2268.66	989
2267.08	992
2265.49	997
2263.91	1024
2262.32	1032
2260.73	1010
2259.14	996
2257.56	1014
2255.97	996
2254.38	1022
2252.79	1009
2251.2	1006
2249.61	1015
2248.02	1000
2246.43	995
2244.84	996
2243.25	991
2241.66	983
2240.07	1000
2238.47	993
2236.88	1008
2235.29	995
2233.69	1029
2232.1	982
2230.5	1010
2228.91	998
2227.31	995
2225.72	1000
2224.12	1003
2222.53	1025
2220.93	1009
2219.33	993
2217.73	1024
2216.14	1041
2214.54	1006
2212.94	998
2211.34	1002
2209.74	984
2208.14	984
2206.54	991
2204.94	1015
2203.34	1005
2201.74	1004
2200.13	1012
2198.53	1027
2196.93	1005
2195.33	1006
2193.72	996
2192.12	1014
2190.51	1013
2188.91	1006
2187.3	981
2185.7	1014
2184.09	1005
2182.48	986
2180.88	983
2179.27	1012
2177.66	973
2176.05	1000
2174.45	1017
2172.84	1045
2171.23	1018
2169.62	1008
2168.01	1006
2166.4	984
2164.79	996
2163.18	997
2161.56	1010
2159.95	1001
2158.34	1008
2156.73	1004
2155.11	1000
2153.5	985
2151.89	1008
2150.27	1000
2148.66	1000
2147.04	1004
2145.43	1006
2143.81	1006
2142.19	1024
2140.58	996
2138.96	1002
2137.34	1019
2135.72	1009
2134.1	990
2132.48	1004
2130.86	993
2129.25	995
2127.63	1000
2126	1005
2124.38	1002
2122.76	1018
2121.14	989
2119.52	994
2117.9	1014
2116.27	1019
2114.65	1019
2113.03	990
2111.4	1011
2109.78	1001
2108.15	997
2106.53	987
2104.9	989
2103.27	999
2101.65	1020
2100.02	1006
2098.39	991
2096.77	992
2095.14	1003
2093.51	1018
2091.88	987
2090.25	999
2088.62	1010
2086.99	1017
2085.36	987
2083.73	995
2082.1	999
2080.46	1013
2078.83	994
2077.2	1007
2075.57	995
2073.93	981
2072.3	1020
2070.66	979
2069.03	1007
2067.4	1001
2065.76	1004
2064.12	1008
2062.49	999
2060.85	983
2059.21	1022
2057.58	1010
2055.94	1004
2054.3	1027
2052.66	995
2051.02	997
2049.38	975
2047.74	986
2046.1	993
2044.46	1013
2042.82	1022
2041.18	1031
2039.53	997
2037.89	992
2036.25	988
2034.61	1023
2032.96	997
2031.32	990
2029.67	1000
2028.03	1016
2026.38	1017
2024.74	1012
2023.09	1001
2021.44	1026
2019.8	1008
2018.15	1002
2016.5	978
2014.85	994
2013.21	1015
2011.56	1002
2009.91	1007
2008.26	1013
2006.61	1019
2004.96	981
2003.3	1023
2001.65	989
2000	1032
1998.35	1017
1996.7	986
1995.04	1025
1993.39	1000
1991.74	990
1990.08	980
1988.43	1003
1986.77	990
1985.12	1004
1983.46	1015
1981.8	1008
1980.15	1011
1978.49	1009
1976.83	990
1975.17	1023
1973.51	1006
1971.86	1013
1970.2	1006
1968.54	1009
1966.88	1001
1965.22	1025
1963.55	1010
1961.89	1009
1960.23	980
1958.57	998
1956.91	1002
1955.24	995
1953.58	1026
1951.92	1004
1950.25	1043
1948.59	999
1946.92	1007
1945.26	1005
1943.59	1020
1941.92	1009
1940.26	1017
1938.59	1027
1936.92	980
1935.25	1020
1933.59	1010
1931.92	1016
1930.25	1003
1928.58	976
1926.91	1000
1925.24	991
1923.57	982
1921.9	999
1920.22	1024
1918.55	1016
1916.88	995
1915.21	1001
1913.53	987
1911.86	1030
1910.18	1000
1908.51	1009
1906.83	1008
1905.16	1009
1903.48	1007
1901.81	1008
1900.13	1010
1898.45	1002
1896.78	998
1895.1	983
1893.42	984
1891.74	1005
1890.06	991
1888.38	1003
1886.7	977
1885.02	1008
1883.34	988
1881.66	1001
1879.98	1027
1878.3	998
1876.61	1024
1874.93	1010
1873.25	1022
1871.56	989
1869.88	985
1868.19	994
1866.51	977
1864.82	1007
1863.14	1004
1861.45	1026
1859.76	1005
1858.08	1022
1856.39	1005
1854.7	1000
1853.01	995
1851.32	996
1849.63	1011
1847.95	1036
1846.25	992
1844.56	1003
1842.87	1028
1841.18	1013
1839.49	994
1837.8	1006
1836.11	1003
1834.41	994
1832.72	1012
1831.03	987
1829.33	991
1827.64	993
1825.94	985
1824.25	1008
1822.55	1017
1820.85	1009
1819.16	1000
1817.46	1010
1815.76	1002
1814.06	994
1812.36	1032
1810.67	1012
1808.97	1015
1807.27	1007
1805.57	991
1803.87	1006
1802.17	982
1800.46	997
1798.76	1001
1797.06	1011
1795.36	1013
1793.65	1007
1791.95	1002
1790.25	982
1788.54	1009
1786.84	992
1785.13	1003
1783.43	1003
1781.72	1003
1780.01	996
1778.31	996
1776.6	1001
1774.89	997
1773.18	1005
1771.47	986
1769.77	976
1768.06	1012
1766.35	1006
1764.64	1014
1762.92	985
1761.21	992
1759.5	1014
1757.79	1011
1756.08	1005
1754.36	998
1752.65	1028
1750.94	989
1749.22	1005
1747.51	1002
1745.79	1013
1744.08	1008
1742.36	988
1740.65	984
1738.93	1021
1737.21	982
1735.49	982
1733.78	1032
1732.06	1034
1730.34	1006
1728.62	1003
1726.9	1013
1725.18	1022
1723.46	1017
1721.74	1031
1720.02	1013
1718.3	1034
1716.57	1007
1714.85	984
1713.13	1035
1711.41	1012
1709.68	1025
1707.96	1007
1706.23	1010
1704.51	1013
1702.78	1014
1701.05	1026
1699.33	1009
1697.6	1001
1695.87	998
1694.15	1031
1692.42	1019
1690.69	1036
1688.96	1004
1687.23	1031
1685.5	1017
1683.77	993
1682.04	1012
1680.31	1004
1678.58	987
1676.85	1022
1675.11	1042
1673.38	1048
1671.65	1018
1669.91	1011
1668.18	985
1666.44	1007
1664.71	1022
1662.97	1015
1661.24	1035
1659.5	1028
1657.76	1031
1656.03	1021
1654.29	1045
1652.55	1045
1650.81	1060
1649.07	1031
1647.33	1046
1645.59	1026
1643.85	1036
1642.11	1074
1640.37	1077
1638.63	1061
1636.89	1085
1635.15	1080
1633.4	1079
1631.66	1138
1629.92	1146
1628.17	1154
1626.43	1182
1624.68	1241
1622.94	1255
1621.19	1285
1619.45	1339
1617.7	1369
1615.95	1410
1614.21	1381
1612.46	1374
1610.71	1381
1608.96	1312
1607.21	1321
1605.46	1328
1603.71	1383
1601.96	1444
1600.21	1478
1598.46	1496
1596.71	1542
1594.95	1533
1593.2	1512
1591.45	1477
1589.7	1386
1587.94	1367
1586.19	1256
1584.43	1230
1582.68	1192
1580.92	1185
1579.16	1157
1577.41	1120
1575.65	1117
1573.89	1084
1572.13	1104
1570.38	1098
1568.62	1080
1566.86	1082
1565.1	1084
1563.34	1058
1561.58	1053
1559.82	1048
1558.06	1049
1556.29	1048
1554.53	1039
1552.77	1044
1551.01	1020
1549.24	1024
1547.48	1006
1545.71	1015
1543.95	1036
1542.18	1026
1540.42	1016
1538.65	1019
1536.89	1015
1535.12	1030
1533.35	1027
1531.58	1016
1529.82	1011
1528.05	1013
1526.28	1009
1524.51	1029
1522.74	1016
1520.97	1019
1519.2	1020
1517.42	1014
1515.65	1016
1513.88	1014
1512.11	1023
1510.33	1024
1508.56	1013
1506.79	1036
1505.01	1031
1503.24	995
1501.46	1008
1499.69	1012
1497.91	1010
1496.13	1045
1494.36	1031
1492.58	1016
1490.8	1026
1489.02	1029
1487.24	1030
1485.46	1033
1483.68	1018
1481.9	1033
1480.12	1014
1478.34	1013
1476.56	1024
1474.78	1009
1473	1010
1471.21	999
1469.43	1020
1467.65	1020
1465.86	1016
1464.08	997
1462.29	1023
1460.51	1008
1458.72	994
1456.93	994
1455.15	1040
1453.36	989
1451.57	1020
1449.79	977
1448	989
1446.21	980
1444.42	996
1442.63	1016
1440.84	1000
1439.05	1012
1437.26	1002
1435.46	1036
1433.67	1024
1431.88	984
1430.09	994
1428.29	1001
1426.5	1024
1424.71	990
1422.91	1016
1421.12	1023
1419.32	1016
1417.52	1030
1415.73	1051
1413.93	1048
1412.13	1073
1410.34	1058
1408.54	1027
1406.74	999
1404.94	990
1403.14	994
1401.34	1003
1399.54	991
1397.74	993
1395.94	987
1394.14	1003
1392.33	1025
1390.53	1001
1388.73	1026
1386.92	1015
1385.12	995
1383.32	1018
1381.51	988
1379.7	1021
1377.9	1001
1376.09	1015
1374.29	1011
1372.48	1008
1370.67	1022
1368.86	1012
1367.05	1013
1365.25	1011
1363.44	1006
1361.63	987
1359.82	1026
1358.01	1024
1356.19	1011
1354.38	1023
1352.57	999
1350.76	973
1348.95	1002
1347.13	1017
1345.32	1021
1343.5	1023
1341.69	1020
1339.87	1017
1338.06	1020
1336.24	1008
1334.43	1001
1332.61	1014
1330.79	1002
1328.97	992
1327.16	1010
1325.34	1010
1323.52	1009
1321.7	1017
1319.88	1018
1318.06	1017
1316.24	1003
1314.41	1010
1312.59	996
1310.77	1025
1308.95	1034
1307.12	1005
1305.3	1031
1303.48	1014
1301.65	990
1299.83	995
1298	1020
1296.18	1015
1294.35	995
1292.52	1005
1290.69	1005
1288.87	1014
1287.04	1011
1285.21	1003
1283.38	1042
1281.55	1020
1279.72	1035
1277.89	995
1276.06	1017
1274.23	1007
1272.4	1030
1270.57	1013
1268.73	1027
1266.9	1014
1265.07	1009
1263.23	1019
1261.4	992
1259.56	1003
1257.73	1021
1255.89	1026
1254.06	1027
1252.22	1034
1250.38	1009
1248.54	1030
1246.71	1017
1244.87	1021
1243.03	1003
1241.19	1004
1239.35	1023
1237.51	1042
1235.67	1058
1233.83	1035
1231.98	1042
1230.14	1043
1228.3	1071
1226.46	1059
1224.61	1043
1222.77	1071
1220.92	1117
1219.08	1101
1217.23	1101
1215.39	1085
1213.54	1111
1211.7	1096
1209.85	1120
1208	1150
1206.15	1188
1204.3	1227
1202.45	1274
1200.61	1378
1198.76	1437
1196.91	1542
1195.05	1649
1193.2	1799
1191.35	1879
1189.5	1970
1187.65	1915
1185.79	1878
1183.94	1723
1182.09	1631
1180.23	1529
1178.38	1405
1176.52	1321
1174.67	1283
1172.81	1213
1170.95	1190
1169.1	1186
1167.24	1158
1165.38	1151
1163.52	1136
1161.66	1111
1159.8	1133
1157.94	1101
1156.08	1087
1154.22	1132
1152.36	1073
1150.5	1066
1148.64	1068
1146.77	1079
1144.91	1074
1143.05	1054
1141.18	1055
1139.32	1028
1137.45	1053
1135.59	1029
1133.72	1053
1131.86	1043
1129.99	1044
1128.12	1034
1126.25	1028
1124.39	1030
1122.52	1017
1120.65	1030
1118.78	1017
1116.91	1026
1115.04	1031
1113.17	1034
1111.3	1031
1109.42	1050
1107.55	1043
1105.68	1013
1103.81	1031
1101.93	1037
1100.06	1007
1098.18	1013
1096.31	1016
1094.43	1037
1092.56	1042
1090.68	1065
1088.8	1034
1086.93	1032
1085.05	1040
1083.17	1037
1081.29	1032
1079.41	1053
1077.53	1012
1075.65	1068
1073.77	1054
1071.89	1048
1070.01	1022
1068.13	1042
1066.24	1030
1064.36	1061
1062.48	1066
1060.59	1033
1058.71	1053
1056.83	1057
1054.94	1082
1053.05	1077
1051.17	1096
1049.28	1070
1047.39	1096
1045.51	1101
1043.62	1110
1041.73	1100
1039.84	1119
1037.95	1134
1036.06	1118
1034.17	1147
1032.28	1188
1030.39	1179
1028.5	1265
1026.61	1247
1024.71	1357
1022.82	1464
1020.93	1631
1019.03	1928
1017.14	2395
1015.24	3192
1013.35	4568
1011.45	6583
1009.56	9586
1007.66	13259
1005.76	15882
1003.86	15602
1001.97	12199
1000.07	8007
998.167	5205
996.268	3771
994.368	3137
992.466	2643
990.565	2249
988.664	1846
986.762	1625
984.86	1460
982.957	1325
981.053	1286
979.15	1215
977.245	1206
975.34	1176
973.435	1156
971.53	1135
969.624	1135
967.717	1097
965.809	1120
963.902	1062
961.994	1079
960.086	1087
958.177	1066
956.267	1048
954.357	1059
952.447	1053
950.536	1065
948.625	1053
946.713	1032
944.8	1041
942.888	1050
940.974	1048
939.061	1056
937.147	1040
935.233	1020
933.317	1033
931.402	1020
929.485	1022
927.569	996
925.652	1034
923.735	1032
921.817	1034
919.899	1037
917.98	1024
916.061	1019
914.141	1028
912.22	1003
910.3	1024
908.378	1034
906.456	1021
904.534	1002
902.612	1031
900.689	1044
898.766	1015
896.841	1034
894.916	1037
892.991	1047
891.066	1038
889.14	1023
887.214	1025
885.287	1038
883.36	1001
881.432	1053
879.504	1041
877.575	1056
875.646	1059
873.716	1122
871.786	1106
869.855	1112
867.924	1124
865.992	1153
864.06	1161
862.128	1149
860.194	1150
858.261	1098
856.327	1122
854.393	1118
852.458	1090
850.522	1071
848.586	1075
846.65	1069
844.714	1065
842.776	1067
840.838	1073
838.901	1031
836.961	1040
835.023	1046
833.082	1057
831.142	1032
829.202	1049
827.261	1040
825.319	1033
823.377	1080
821.434	1042
819.491	1102
817.548	1104
815.604	1116
813.66	1088
811.715	1063
809.769	1047
807.823	1046
805.878	1058
803.93	1052
801.983	1009
800.035	1035
798.087	1031
796.139	1021
794.189	1044
792.24	1020
790.289	1005
788.339	1031
786.387	1036
784.436	1038
782.484	1010
780.532	998
778.578	1013
776.624	1012
774.671	1023
772.716	1001
770.762	1037
768.806	1004
766.85	1000
764.893	1017
762.937	1018
760.979	1048
759.022	996
757.064	1010
755.105	1004
753.145	1015
751.185	1016
749.226	996
747.264	1043
745.303	1028
743.341	1011
741.38	1044
739.417	1042
737.454	1033
735.49	1032
733.526	1029
731.562	1002
729.596	1047
727.631	1026
725.665	1036
723.699	1026
721.732	1023
719.764	1037
717.797	1035
715.828	1042
713.859	1007
711.889	1043
709.919	1044
707.949	1057
705.978	1055
704.007	1031
702.035	1067
700.063	1076
698.091	1044
696.117	1025
694.143	1069
692.169	1063
690.194	1072
688.219	1040
686.244	1032
684.267	1060
682.291	1069
680.314	1034
678.336	1034
676.358	1026
674.379	1026
672.4	1022
670.421	1045
668.441	1015
666.46	1037
664.479	1037
662.497	1043
660.516	1036
658.533	1057
656.55	1080
654.567	1076
652.583	1073
650.598	1082
648.614	1072
646.628	1086
644.643	1106
642.656	1124
640.669	1135
638.682	1142
636.694	1221
634.706	1257
632.717	1340
630.728	1447
628.738	1631
626.748	1928
624.757	2166
622.766	2316
620.774	2211
618.782	1883
616.789	1618
614.796	1455
612.802	1352
610.808	1243
608.814	1183
606.818	1157
604.822	1103
602.827	1116
600.83	1099
598.833	1087
596.836	1102
594.838	1055
592.839	1034
590.84	1081
588.841	1057
586.84	1033
584.84	1041
582.838	1039
580.838	1050
578.835	1040
576.833	1032
574.83	1050
572.827	1029
570.822	1031
568.818	1004
566.813	1038
564.808	1043
562.802	1014
560.795	1027
558.788	1028
556.781	1049
554.773	1027
552.765	1041
550.756	1039
548.747	1018
546.737	1040
544.726	1005
542.716	1024
540.704	1011
538.692	1017
536.68	1040
534.667	1054
532.654	1048
530.64	1027
528.626	1018
526.611	1044
524.596	1045
522.58	1036
520.564	1051
518.547	1037
516.529	1042
514.512	1052
512.494	1072
510.476	1055
508.456	1050
506.436	1045
504.416	1082
502.395	1050
500.374	1065
498.353	1049
496.33	1056
494.307	1059
492.284	1051
490.261	1058
488.237	1050
486.212	1060
484.187	1055
482.161	1063
480.134	1041
478.108	1061
476.081	1056
474.054	1071
472.025	1045
469.997	1040
467.968	1070
465.938	1058
463.908	1057
461.877	1050
459.846	1042
457.814	1071
455.782	1047
453.75	1096
451.716	1065
449.683	1061
447.649	1057
445.614	1069
443.579	1074
441.543	1076
439.508	1070
437.47	1066
435.433	1098
433.396	1069
431.358	1100
429.319	1109
427.28	1127
425.241	1111
423.201	1118
421.16	1132
419.118	1122
417.077	1107
415.035	1103
412.993	1097
410.949	1118
408.905	1101
406.862	1109
404.816	1081
402.771	1074
400.727	1083
398.68	1088
396.633	1086
394.586	1068
392.539	1079
390.491	1065
388.442	1056
386.393	1049
384.344	1056
382.293	1077
380.242	1080
378.192	1064
376.14	1028
374.088	1066
372.035	1018
369.982	1064
367.928	1072
365.874	1070
363.82	1061
361.765	1055
359.709	1084
357.653	1048
355.596	1057
353.539	1042
351.481	1059
349.423	1060
347.364	1072
345.305	1036
343.245	1035
341.185	1053
339.125	1034
337.063	1062
335.001	1046
332.94	1039
330.876	1038
328.813	1037
326.749	1053
324.685	1031
322.621	1025
320.555	1075
318.489	1070
316.423	1036
314.356	1057
312.29	1070
310.221	1061
308.153	1045
306.084	1024
304.015	1042
301.946	1037
299.875	1044
297.804	1036
295.733	1070
293.661	1065
291.588	1042
289.516	1032
287.443	1050
285.369	1067
283.295	1068
281.22	1053
279.144	1074
277.068	1059
274.992	1069
272.915	1074
270.837	1094
268.76	1061
266.681	1083
264.602	1086
262.523	1079
260.443	1085
258.362	1120
256.282	1111
254.2	1111
252.118	1117
250.036	1100
247.952	1142
245.869	1157
243.784	1125
241.7	1164
239.616	1154
237.53	1163
235.443	1156
233.357	1198
231.27	1184
229.182	1203
227.094	1211
225.005	1210
222.916	1259
220.827	1282
218.737	1327
216.646	1321
214.555	1337
212.462	1369
210.37	1399
208.278	1437
206.185	1414
204.091	1476
201.997	1518
199.902	1579
197.807	1618
195.711	1665
193.615	1708
191.517	1745
189.42	1839
187.322	1947
185.224	2028
183.125	2060
181.025	2202
178.926	2305
176.825	2411
174.724	2542
172.623	2678
170.521	2773
168.418	2960
166.315	3173
164.212	3429
162.108	3679
160.003	3824
157.898	4204
155.793	4460
153.686	4934
151.58	5317
149.473	5640
147.365	6120
145.257	6604
143.148	7157
141.039	7664
138.929	8414
136.819	8928
134.709	9602
132.597	10546
130.485	11372
128.373	12263
126.26	13352
124.147	14161
122.033	15445
119.919	16532
117.804	17895
115.688	18792
113.573	19958
111.456	20550
109.339	21208
107.222	20729
105.103	19238
102.985	16659
100.866	13385
98.7467	10038
96.6262	7070
